tradeDate,nav,change,changePercent
2022-08-31,9.84,0.1,1.02669
2022-08-30,9.74,-0.11,-1.11675
2022-08-29,9.85,-0.12,-1.20361
2022-08-28,9.97,0.04,0.40282
2022-08-25,9.93,-0.15,-1.4881
2022-08-24,10.08,0.01,0.0993
2022-08-23,10.07,0.04,0.3988
2022-08-22,10.03,0.0,0.0
2022-08-21,10.03,-0.1,-0.98717
2022-08-18,10.13,-0.01,-0.09862
2022-08-17,10.14,-0.02,-0.19685
2022-08-16,10.16,-0.02,-0.19646
2022-08-15,10.18,0.05,0.49358
2022-08-14,10.13,0.06,0.59583
2022-08-11,10.07,0.09,0.9018
2022-08-10,9.98,-0.03,-0.2997
2022-08-09,10.01,0.03,0.3006
2022-08-08,9.98,0.09,0.91001
2022-08-07,9.89,0.04,0.40609
2022-08-04,9.85,-0.04,-0.40445
2022-08-03,9.89,0.03,0.30426
2022-08-02,9.86,0.02,0.20325
2022-08-01,9.84,-0.03,-0.30395
2022-07-31,9.87,0.04,0.40692
2022-07-28,9.83,0.09,0.92402
2022-07-27,9.74,0.21,2.20357
2022-07-26,9.53,0.05,0.52743
2022-07-25,9.48,0.02,0.21142
2022-07-24,9.46,0.09,0.96051
2022-07-21,9.37,0.12,1.2973
2022-07-20,9.25,-0.01,-0.10799
2022-07-19,9.26,-0.12,-1.27932
2022-07-18,9.38,0.08,0.86022
2022-07-17,9.3,-0.05,-0.53476
2022-07-14,9.35,0.08,0.863
2022-07-13,9.27,-0.03,-0.32258
2022-07-12,9.3,-0.03,-0.32154
2022-07-11,9.33,-0.01,-0.10707
2022-07-10,9.34,0.04,0.43011
2022-07-07,9.3,-0.02,-0.21459
2022-07-06,9.32,0.03,0.32293
2022-07-05,9.29,0.06,0.65005
2022-07-04,9.23,-0.27,-2.84211
2022-06-30,9.5,0.2,2.15054
2022-06-29,9.3,0.03,0.32362
2022-06-28,9.27,-0.02,-0.21529
2022-06-27,9.29,0.0,0.0
2022-06-26,9.29,-0.01,-0.10753
2022-06-23,9.3,0.09,0.9772
2022-06-22,9.21,0.13,1.43172
2022-06-21,9.08,0.08,0.88889
2022-06-20,9.0,0.13,1.46561
2022-06-16,8.87,-0.05,-0.56054
2022-06-15,8.92,-0.16,-1.76211
2022-06-14,9.08,0.1,1.11359
2022-06-13,8.98,-0.2,-2.17865
2022-06-12,9.18,-0.29,-3.0623
2022-06-09,9.47,-0.09,-0.94142
2022-06-08,9.56,-0.16,-1.64609
2022-06-07,9.72,-0.14,-1.41988
2022-06-06,9.86,0.07,0.71502
2022-06-05,9.79,0.02,0.20471
2022-06-01,9.77,0.11,1.13872
2022-05-31,9.66,0.02,0.20747
2022-05-30,9.64,-0.17,-1.73293
2022-05-26,9.81,0.0,0.0
2022-05-25,9.81,-0.03,-0.30488
2022-05-24,9.84,0.01,0.10173
2022-05-23,9.83,0.04,0.40858
2022-05-22,9.79,0.1,1.03199
2022-05-19,9.69,0.01,0.10331
2022-05-18,9.68,0.02,0.20704
2022-05-17,9.66,-0.07,-0.71942
2022-05-16,9.73,0.08,0.82902
2022-05-15,9.65,0.07,0.73069
2022-05-12,9.58,0.1,1.05485
2022-05-11,9.48,-0.1,-1.04384
2022-05-10,9.58,0.07,0.73607
2022-05-09,9.51,-0.07,-0.73069
2022-05-08,9.58,-0.06,-0.62241
2022-05-05,9.64,0.07,0.73145
2022-05-04,9.57,-0.12,-1.23839
2022-05-03,9.69,0.15,1.57233
2022-05-02,9.54,-0.05,-0.52138
2022-04-28,9.59,-0.18,-1.84237
2022-04-27,9.77,0.12,1.24352
2022-04-26,9.65,0.01,0.10373
2022-04-25,9.64,-0.11,-1.12821
2022-04-24,9.75,-0.01,-0.10246
2022-04-21,9.76,-0.11,-1.11449
2022-04-20,9.87,-0.13,-1.3
2022-04-19,10.0,0.09,0.90817
2022-04-18,9.91,0.03,0.30364
2022-04-17,9.88,0.01,0.10132
2022-04-13,9.87,-0.03,-0.30303
2022-04-12,9.9,-0.02,-0.20161
2022-04-11,9.92,0.01,0.10091
2022-04-10,9.91,-0.06,-0.60181
2022-04-07,9.97,0.05,0.50403
2022-04-06,9.92,-0.02,-0.20121
2022-04-05,9.94,0.15,1.53218
2022-03-31,9.79,0.1,1.03199
2022-03-30,9.69,0.0,0.0
2022-03-29,9.69,0.01,0.10331
2022-03-28,9.68,0.1,1.04384
2022-03-27,9.58,0.09,0.94837
2022-03-24,9.49,0.11,1.17271
2022-03-23,9.38,0.06,0.64378
2022-03-22,9.32,-0.04,-0.42735
2022-03-21,9.36,0.04,0.42918
2022-03-20,9.32,0.05,0.53937
2022-03-17,9.27,-0.05,-0.53648
2022-03-16,9.32,-0.01,-0.10718
2022-03-15,9.33,0.05,0.53879
2022-03-14,9.28,0.12,1.31004
2022-03-13,9.16,0.05,0.54885
2022-03-10,9.11,-0.04,-0.43716
2022-03-09,9.15,-0.03,-0.3268
2022-03-08,9.18,0.13,1.43646
2022-03-07,9.05,0.02,0.22148
2022-03-06,9.03,0.05,0.55679
2022-03-03,8.98,0.07,0.78563
2022-03-02,8.91,-0.03,-0.33557
2022-03-01,8.94,0.03,0.3367
2022-02-28,8.91,-0.1,-1.10988
2022-02-24,9.01,0.27,3.08924
2022-02-23,8.74,0.04,0.45977
2022-02-22,8.7,-0.08,-0.91116
2022-02-21,8.78,-0.05,-0.56625
2022-02-17,8.83,-0.03,-0.3386
2022-02-16,8.86,0.02,0.22624
2022-02-15,8.84,0.01,0.11325
2022-02-14,8.83,0.04,0.45506
2022-02-13,8.79,-0.07,-0.79007
2022-02-10,8.86,-0.03,-0.33746
2022-02-09,8.89,-0.13,-1.44124
2022-02-08,9.02,0.05,0.55741
2022-02-07,8.97,0.01,0.11161
2022-02-06,8.96,0.2,2.28311
2022-01-25,8.76,0.01,0.11429
2022-01-24,8.75,-0.09,-1.0181
2022-01-23,8.84,-0.11,-1.22905
2022-01-20,8.95,-0.05,-0.55556
2022-01-19,9.0,0.05,0.55866
2022-01-18,8.95,0.01,0.11186
2022-01-17,8.94,-0.11,-1.21547
2022-01-13,9.05,-0.05,-0.54945
2022-01-12,9.1,0.03,0.33076
2022-01-11,9.07,0.03,0.33186
2022-01-10,9.04,-0.01,-0.1105
2022-01-09,9.05,-0.06,-0.65862
2022-01-06,9.11,0.07,0.77434
2022-01-05,9.04,-0.09,-0.98576
2022-01-04,9.13,-0.06,-0.65288
2022-01-03,9.19,-0.02,-0.21716
2022-01-02,9.21,-0.03,-0.32468
2021-12-29,9.24,0.02,0.21692
2021-12-28,9.22,0.05,0.54526
2021-12-27,9.17,0.05,0.54825
2021-12-26,9.12,0.01,0.10977
2021-12-22,9.11,0.0,0.0
2021-12-21,9.11,0.03,0.3304
2021-12-20,9.08,0.04,0.44248
2021-12-19,9.04,0.0,0.0
2021-12-16,9.04,-0.1,-1.09409
2021-12-15,9.14,0.05,0.55006
2021-12-14,9.09,0.12,1.33779
2021-12-13,8.97,-0.05,-0.55432
2021-12-12,9.02,0.05,0.55741
2021-12-09,8.97,0.02,0.22346
2021-12-08,8.95,-0.02,-0.22297
2021-12-07,8.97,-0.01,-0.11136
2021-12-06,8.98,0.08,0.89888
2021-12-05,8.9,0.14,1.59817
2021-12-02,8.76,0.02,0.22883
2021-12-01,8.74,0.01,0.11455
2021-11-30,8.73,0.02,0.22962
2021-11-29,8.71,-0.16,-1.80383
2021-11-28,8.87,0.08,0.91013
2021-11-25,8.79,-0.07,-0.79007
2021-11-23,8.86,0.0,0.0
2021-11-22,8.86,-0.02,-0.22523
2021-11-21,8.88,0.01,0.11274
2021-11-18,8.87,-0.02,-0.22497
2021-11-17,8.89,-0.03,-0.33632
2021-11-16,8.92,0.01,0.11223
2021-11-15,8.91,-0.03,-0.33557
2021-11-14,8.94,0.05,0.56243
2021-11-11,8.89,0.0,0.0
2021-11-10,8.89,-0.01,-0.11236
2021-11-09,8.9,0.05,0.56497
2021-11-08,8.85,-0.02,-0.22548
2021-11-07,8.87,-0.08,-0.89385
2021-11-04,8.95,0.02,0.22396
2021-11-03,8.93,-0.04,-0.44593
2021-11-02,8.97,-0.06,-0.66445
2021-11-01,9.03,-0.01,-0.11062
2021-10-31,9.04,0.08,0.89286
2021-10-28,8.96,-0.1,-1.10375
2021-10-27,9.06,0.1,1.11607
2021-10-26,8.96,0.0,0.0
2021-10-25,8.96,0.03,0.33595
2021-10-24,8.93,-0.05,-0.55679
2021-10-21,8.98,0.03,0.3352
2021-10-20,8.95,0.0,0.0
2021-10-19,8.95,0.13,1.47392
2021-10-18,8.82,0.09,1.03093
2021-10-17,8.73,-0.06,-0.68259
2021-10-14,8.79,-0.01,-0.11364
2021-10-13,8.8,0.04,0.45662
2021-10-12,8.76,0.12,1.38889
2021-10-11,8.64,-0.01,-0.11561
2021-10-07,8.65,-0.03,-0.34562
2021-10-06,8.68,0.0,0.0
2021-10-05,8.68,0.06,0.69606
2021-10-04,8.62,0.02,0.23256
2021-10-03,8.6,0.04,0.46729
2021-09-30,8.56,0.04,0.46948
2021-09-29,8.52,-0.06,-0.6993
2021-09-28,8.58,0.05,0.58617
2021-09-27,8.53,-0.12,-1.38728
2021-09-26,8.65,-0.08,-0.91638
2021-09-23,8.73,-0.06,-0.68259
2021-09-22,8.79,0.0,0.0
2021-09-21,8.79,-0.02,-0.22701
2021-09-16,8.81,-0.11,-1.23318
2021-09-15,8.92,-0.03,-0.3352
2021-09-14,8.95,-0.07,-0.77605
2021-09-13,9.02,-0.01,-0.11074
2021-09-12,9.03,0.05,0.55679
2021-09-09,8.98,-0.12,-1.31868
2021-09-08,9.1,-0.03,-0.32859
2021-09-07,9.13,0.08,0.88398
2021-09-06,9.05,-0.13,-1.41612
2021-09-02,9.18,-0.06,-0.64935
2021-09-01,9.24,0.06,0.65359
2021-08-31,9.18,0.09,0.9901
2021-08-30,9.09,0.01,0.11013
2021-08-29,9.08,-0.02,-0.21978
2021-08-26,9.1,0.0,0.0
2021-08-25,9.1,-0.05,-0.54645
2021-08-24,9.15,-0.01,-0.10917
2021-08-23,9.16,-0.04,-0.43478
2021-08-22,9.2,-0.06,-0.64795
2021-08-19,9.26,0.12,1.31291
2021-08-18,9.14,0.06,0.66079
2021-08-17,9.08,0.02,0.22075
2021-08-16,9.06,-0.01,-0.11025
2021-08-15,9.07,0.03,0.33186
2021-08-12,9.04,0.08,0.89286
2021-08-11,8.96,-0.03,-0.3337
2021-08-10,8.99,0.06,0.67189
2021-08-09,8.93,0.02,0.22447
2021-08-08,8.91,0.01,0.11236
2021-08-05,8.9,-0.01,-0.11223
2021-08-04,8.91,0.06,0.67797
2021-08-03,8.85,-0.04,-0.44994
2021-08-02,8.89,0.05,0.56561
2021-08-01,8.84,0.04,0.45455
2021-07-29,8.8,-0.1,-1.1236
2021-07-28,8.9,-0.01,-0.11223
2021-07-27,8.91,0.0,0.0
2021-07-26,8.91,0.06,0.67797
2021-07-25,8.85,0.02,0.2265
2021-07-22,8.83,0.08,0.91429
2021-07-21,8.75,0.0,0.0
2021-07-20,8.75,0.02,0.2291
2021-07-19,8.73,0.02,0.22962
2021-07-18,8.71,-0.16,-1.80383
2021-07-15,8.87,0.08,0.91013
2021-07-14,8.79,-0.03,-0.34014
2021-07-13,8.82,0.02,0.22727
2021-07-12,8.8,-0.08,-0.9009
2021-07-11,8.88,0.02,0.22573
2021-07-08,8.86,0.06,0.68182
2021-07-07,8.8,-0.04,-0.45249
2021-07-06,8.84,0.06,0.68337
2021-07-05,8.78,-0.02,-0.22727
2021-07-01,8.8,0.05,0.57143
2021-06-30,8.75,0.09,1.03926
2021-06-29,8.66,-0.05,-0.57405
2021-06-28,8.71,-0.08,-0.91013
2021-06-27,8.79,0.03,0.34247
2021-06-24,8.76,0.02,0.22883
2021-06-23,8.74,0.02,0.22936
2021-06-22,8.72,-0.08,-0.90909
2021-06-21,8.8,-0.03,-0.33975
2021-06-20,8.83,0.12,1.37773
2021-06-17,8.71,-0.18,-2.02475
2021-06-16,8.89,0.01,0.11261
2021-06-15,8.88,-0.08,-0.89286
2021-06-14,8.96,0.06,0.67416
2021-06-10,8.9,0.0,0.0
2021-06-09,8.9,0.01,0.11249
2021-06-08,8.89,0.05,0.56561
2021-06-07,8.84,-0.05,-0.56243
2021-06-06,8.89,0.02,0.22548
2021-06-03,8.87,0.01,0.11287
2021-06-02,8.86,-0.02,-0.22523
2021-06-01,8.88,0.04,0.45249
2021-05-31,8.84,-0.06,-0.67416
2021-05-27,8.9,0.02,0.22523
2021-05-26,8.88,-0.06,-0.67114
2021-05-25,8.94,-0.03,-0.33445
2021-05-24,8.97,-0.07,-0.77434
2021-05-23,9.04,0.0,0.0
2021-05-20,9.04,0.01,0.11074
2021-05-19,9.03,0.09,1.00671
2021-05-18,8.94,-0.04,-0.44543
2021-05-17,8.98,0.01,0.11148
2021-05-16,8.97,-0.05,-0.55432
2021-05-13,9.02,0.09,1.00784
2021-05-12,8.93,0.11,1.24717
2021-05-11,8.82,-0.19,-2.10877
2021-05-10,9.01,-0.1,-1.09769
2021-05-09,9.11,-0.01,-0.10965
2021-05-06,9.12,0.02,0.21978
2021-05-05,9.1,0.07,0.77519
2021-05-04,9.03,-0.06,-0.66007
2021-05-03,9.09,-0.11,-1.19565
2021-05-02,9.2,0.01,0.10881
2021-04-28,9.19,0.02,0.2181
2021-04-27,9.17,-0.05,-0.5423
2021-04-26,9.22,-0.06,-0.64655
2021-04-25,9.28,-0.07,-0.74866
2021-04-22,9.35,0.02,0.21436
2021-04-21,9.33,0.04,0.43057
2021-04-20,9.29,-0.05,-0.53533
2021-04-19,9.34,0.01,0.10718
2021-04-18,9.33,-0.07,-0.74468
2021-04-15,9.4,0.02,0.21322
2021-04-14,9.38,0.05,0.53591
2021-04-13,9.33,0.02,0.21482
2021-04-12,9.31,0.05,0.53996
2021-04-11,9.26,0.02,0.21645
2021-04-08,9.24,-0.02,-0.21598
2021-04-07,9.26,0.05,0.54289
2021-04-06,9.21,-0.05,-0.53996
2021-04-05,9.26,0.11,1.20219
2021-03-31,9.15,0.04,0.43908
2021-03-30,9.11,0.09,0.99778
2021-03-29,9.02,-0.05,-0.55127
2021-03-28,9.07,0.01,0.11038
2021-03-25,9.06,0.07,0.77864
2021-03-24,8.99,0.08,0.89787
2021-03-23,8.91,-0.04,-0.44693
2021-03-22,8.95,0.04,0.44893
2021-03-21,8.91,0.02,0.22497
2021-03-18,8.89,0.08,0.90806
2021-03-17,8.81,-0.1,-1.12233
2021-03-16,8.91,-0.1,-1.10988
2021-03-15,9.01,-0.01,-0.11086
2021-03-14,9.02,0.08,0.89485
2021-03-11,8.94,0.01,0.11198
2021-03-10,8.93,0.06,0.67644
2021-03-09,8.87,0.05,0.56689
2021-03-08,8.82,0.17,1.96532
2021-03-07,8.65,0.07,0.81585
2021-03-04,8.58,0.05,0.58617
2021-03-03,8.53,-0.04,-0.46674
2021-03-02,8.57,-0.13,-1.49425
2021-03-01,8.7,0.07,0.81112
2021-02-25,8.63,-0.19,-2.1542
2021-02-24,8.82,-0.08,-0.89888
2021-02-23,8.9,-0.05,-0.55866
2021-02-22,8.95,0.04,0.44893
2021-02-21,8.91,-0.14,-1.54696
2021-02-18,9.05,-0.05,-0.54945
2021-02-17,9.1,-0.06,-0.65502
2021-02-16,9.16,-0.11,-1.18662
2021-02-04,9.27,0.04,0.43337
2021-02-03,9.23,0.0,0.0
2021-02-02,9.23,0.03,0.32609
2021-02-01,9.2,0.09,0.98793
2021-01-31,9.11,0.07,0.77434
2021-01-28,9.04,-0.1,-1.09409
2021-01-27,9.14,0.07,0.77178
2021-01-26,9.07,-0.23,-2.47312
2021-01-25,9.3,-0.09,-0.95847
2021-01-24,9.39,0.03,0.32051
2021-01-21,9.36,-0.02,-0.21322
2021-01-20,9.38,0.0,0.0
2021-01-19,9.38,0.03,0.32086
2021-01-18,9.35,0.02,0.21436
2021-01-14,9.33,-0.05,-0.53305
2021-01-13,9.38,-0.03,-0.31881
2021-01-12,9.41,0.09,0.96567
2021-01-11,9.32,-0.04,-0.42735
2021-01-10,9.36,-0.06,-0.63694
2021-01-07,9.42,0.1,1.07296
2021-01-06,9.32,0.01,0.10741
2021-01-05,9.31,0.24,2.64609
2021-01-04,9.07,0.0,0.0
2021-01-03,9.07,-0.04,-0.43908
2020-12-30,9.11,0.05,0.55188
2020-12-29,9.06,0.04,0.44346
2020-12-28,9.02,0.0,0.0
2020-12-27,9.02,0.08,0.89485
2020-12-23,8.94,0.02,0.22422
2020-12-22,8.92,0.06,0.6772
2020-12-21,8.86,0.02,0.22624
2020-12-20,8.84,-0.09,-1.00784
2020-12-17,8.93,-0.04,-0.44593
2020-12-16,8.97,0.08,0.89989
2020-12-15,8.89,0.0,0.0
2020-12-14,8.89,0.09,1.02273
2020-12-13,8.8,0.0,0.0
2020-12-10,8.8,-0.05,-0.56497
2020-12-09,8.85,-0.02,-0.22548
2020-12-08,8.87,-0.01,-0.11261
2020-12-07,8.88,0.0,0.0
2020-12-06,8.88,0.02,0.22573
2020-12-03,8.86,-0.09,-1.00559
2020-12-02,8.95,-0.1,-1.10497
2020-12-01,9.05,0.04,0.44395
2020-11-30,9.01,0.1,1.12233
2020-11-29,8.91,-0.13,-1.43805
2020-11-26,9.04,-0.01,-0.1105
2020-11-24,9.05,0.03,0.33259
2020-11-23,9.02,0.07,0.78212
2020-11-22,8.95,-0.01,-0.11161
2020-11-19,8.96,0.02,0.22371
2020-11-18,8.94,-0.04,-0.44543
2020-11-17,8.98,-0.09,-0.99228
2020-11-16,9.07,-0.12,-1.30577
2020-11-15,9.19,0.07,0.76754
2020-11-12,9.12,0.05,0.55127
2020-11-11,9.07,-0.11,-1.19826
2020-11-10,9.18,0.09,0.9901
2020-11-09,9.09,0.09,1.0
2020-11-08,9.0,0.12,1.35135
2020-11-05,8.88,-0.02,-0.22472
2020-11-04,8.9,0.09,1.02157
2020-11-03,8.81,0.0,0.0
2020-11-02,8.81,0.16,1.84971
2020-11-01,8.65,0.15,1.76471
2020-10-29,8.5,-0.04,-0.46838
2020-10-28,8.54,-0.02,-0.23364
2020-10-27,8.56,-0.24,-2.72727
2020-10-26,8.8,-0.05,-0.56497
2020-10-25,8.85,-0.04,-0.44994
2020-10-22,8.89,0.04,0.45198
2020-10-21,8.85,0.05,0.56818
2020-10-20,8.8,-0.05,-0.56497
2020-10-19,8.85,0.01,0.11312
2020-10-18,8.84,-0.05,-0.56243
2020-10-15,8.89,0.07,0.79365
2020-10-14,8.82,-0.08,-0.89888
2020-10-13,8.9,0.02,0.22523
2020-10-12,8.88,-0.05,-0.55991
2020-10-11,8.93,0.08,0.90395
2020-10-07,8.85,0.1,1.14286
2020-10-06,8.75,0.09,1.03926
2020-10-05,8.66,0.03,0.34762
2020-10-04,8.63,0.2,2.37248
2020-09-29,8.43,0.04,0.47676
2020-09-28,8.39,0.03,0.35885
2020-09-27,8.36,0.04,0.48077
2020-09-24,8.32,0.07,0.84848
2020-09-23,8.25,0.03,0.36496
2020-09-22,8.22,-0.05,-0.60459
2020-09-21,8.27,0.0,0.0
2020-09-20,8.27,-0.07,-0.83933
2020-09-17,8.34,-0.12,-1.41844
2020-09-16,8.46,-0.09,-1.05263
2020-09-15,8.55,-0.03,-0.34965
2020-09-14,8.58,0.02,0.23364
2020-09-13,8.56,0.06,0.70588
2020-09-10,8.5,0.03,0.35419
2020-09-09,8.47,-0.11,-1.28205
2020-09-08,8.58,0.13,1.53846
2020-09-07,8.45,-0.05,-0.58824
2020-09-03,8.5,-0.11,-1.27758
2020-09-02,8.61,-0.09,-1.03448
2020-09-01,8.7,0.18,2.11268
2020-08-31,8.52,-0.07,-0.8149
2020-08-30,8.59,0.03,0.35047
2020-08-27,8.56,0.02,0.23419
2020-08-26,8.54,-0.02,-0.23364
2020-08-25,8.56,-0.06,-0.69606
2020-08-24,8.62,-0.04,-0.46189
2020-08-23,8.66,0.09,1.05018
2020-08-20,8.57,0.0,0.0
2020-08-19,8.57,-0.08,-0.92486
2020-08-18,8.65,-0.05,-0.57471
2020-08-17,8.7,-0.03,-0.34364
2020-08-16,8.73,0.02,0.22962
2020-08-13,8.71,-0.06,-0.68415
2020-08-12,8.77,-0.02,-0.22753
2020-08-11,8.79,0.12,1.38408
2020-08-10,8.67,-0.1,-1.14025
2020-08-09,8.77,0.01,0.11416
2020-08-06,8.76,0.08,0.92166
2020-08-05,8.68,0.01,0.11534
2020-08-04,8.67,-0.06,-0.68729
2020-08-03,8.73,0.08,0.92486
2020-08-02,8.65,0.0,0.0
2020-07-30,8.65,-0.03,-0.34562
2020-07-29,8.68,-0.04,-0.45872
2020-07-28,8.72,0.06,0.69284
2020-07-27,8.66,0.08,0.9324
2020-07-26,8.58,-0.03,-0.34843
2020-07-23,8.61,-0.05,-0.57737
2020-07-22,8.66,-0.01,-0.11534
2020-07-21,8.67,0.08,0.93132
2020-07-20,8.59,0.08,0.94007
2020-07-19,8.51,-0.04,-0.46784
2020-07-16,8.55,0.14,1.66468
2020-07-15,8.41,0.09,1.08173
2020-07-14,8.32,0.02,0.24096
2020-07-13,8.3,0.06,0.72816
2020-07-12,8.24,0.02,0.24331
2020-07-09,8.22,0.11,1.35635
2020-07-08,8.11,-0.13,-1.57767
2020-07-07,8.24,0.1,1.2285
2020-07-06,8.14,-0.01,-0.1227
2020-07-05,8.15,-0.05,-0.60976
2020-07-01,8.2,0.06,0.7371
2020-06-30,8.14,0.1,1.24378
2020-06-29,8.04,0.04,0.5
2020-06-28,8.0,-0.01,-0.12484
2020-06-23,8.01,-0.12,-1.47601
2020-06-22,8.13,-0.02,-0.2454
2020-06-21,8.15,0.08,0.99133
2020-06-18,8.07,-0.11,-1.34474
2020-06-17,8.18,-0.02,-0.2439
2020-06-16,8.2,0.0,0.0
2020-06-15,8.2,0.06,0.7371
2020-06-14,8.14,0.02,0.24631
2020-06-11,8.12,0.01,0.1233
2020-06-10,8.11,-0.32,-3.79597
2020-06-09,8.43,-0.03,-0.35461
2020-06-08,8.46,-0.11,-1.28355
2020-06-07,8.57,0.15,1.78147
2020-06-04,8.42,0.06,0.7177
2020-06-03,8.36,-0.1,-1.18203
2020-06-02,8.46,0.15,1.80505
2020-06-01,8.31,0.09,1.09489
2020-05-31,8.22,0.06,0.73529
2020-05-28,8.16,0.04,0.49261
2020-05-27,8.12,0.2,2.52525
2020-05-26,7.92,0.09,1.14943
2020-05-25,7.83,0.1,1.29366
2020-05-21,7.73,0.04,0.52016
2020-05-20,7.69,-0.04,-0.51746
2020-05-19,7.73,0.08,1.04575
2020-05-18,7.65,-0.09,-1.16279
2020-05-17,7.74,0.28,3.75335
2020-05-14,7.46,-0.05,-0.66578
2020-05-13,7.51,0.01,0.13333
2020-05-12,7.5,-0.06,-0.79365
2020-05-11,7.56,-0.02,-0.26385
2020-05-10,7.58,-0.04,-0.52493
2020-05-07,7.62,0.08,1.06101
2020-05-06,7.54,0.04,0.53333
2020-05-05,7.5,-0.15,-1.96078
2020-05-04,7.65,0.04,0.52562
2020-05-03,7.61,-0.14,-1.80645
2020-04-29,7.75,-0.11,-1.39949
2020-04-28,7.86,0.02,0.2551
2020-04-27,7.84,0.05,0.64185
2020-04-26,7.79,0.08,1.03761
2020-04-23,7.71,0.03,0.39063
2020-04-22,7.68,-0.09,-1.1583
2020-04-21,7.77,0.17,2.23684
2020-04-20,7.6,-0.13,-1.68176
2020-04-19,7.73,-0.2,-2.52207
2020-04-16,7.93,0.2,2.58732
2020-04-15,7.73,0.01,0.12953
2020-04-14,7.72,-0.23,-2.89308
2020-04-13,7.95,0.13,1.6624
2020-04-12,7.82,-0.17,-2.12766
2020-04-08,7.99,0.28,3.63165
2020-04-07,7.71,0.23,3.07487
2020-04-06,7.48,-0.01,-0.13351
2020-04-05,7.49,0.23,3.16804
2020-03-31,7.26,-0.37,-4.84928
2020-03-30,7.63,-0.17,-2.17949
2020-03-29,7.8,0.16,2.09424
2020-03-26,7.64,-0.05,-0.6502
2020-03-25,7.69,0.41,5.63187
2020-03-24,7.28,0.25,3.55619
2020-03-23,7.03,0.51,7.82209
2020-03-22,6.52,-0.29,-4.25844
2020-03-19,6.81,-0.31,-4.35393
2020-03-18,7.12,-0.31,-4.17227
2020-03-17,7.43,-0.24,-3.12907
2020-03-16,7.67,0.59,8.33333
2020-03-15,7.08,-0.53,-6.96452
2020-03-12,7.61,0.28,3.81992
2020-03-11,7.33,-0.91,-11.04369
2020-03-10,8.24,-0.26,-3.05882
2020-03-09,8.5,-0.18,-2.07373
2020-03-08,8.68,-0.45,-4.92881
2020-03-05,9.13,-0.16,-1.72228
2020-03-04,9.29,-0.1,-1.06496
2020-03-03,9.39,0.39,4.33333
2020-03-02,9.0,0.02,0.22272
2020-03-01,8.98,-0.01,-0.11123
2020-02-26,8.99,-0.24,-2.60022
2020-02-25,9.23,0.0,0.0
2020-02-24,9.23,-0.19,-2.01699
2020-02-23,9.42,-0.15,-1.5674
2020-02-20,9.57,0.08,0.84299
2020-02-19,9.49,-0.01,-0.10526
2020-02-18,9.5,-0.01,-0.10515
2020-02-17,9.51,0.11,1.17021
2020-02-13,9.4,0.09,0.9667
2020-02-12,9.31,0.07,0.75758
2020-02-11,9.24,-0.02,-0.21598
2020-02-10,9.26,0.06,0.65217
2020-02-09,9.2,0.0,0.0
2020-02-06,9.2,-0.03,-0.32503
2020-02-05,9.23,0.03,0.32609
2020-02-04,9.2,0.01,0.10881
2020-02-03,9.19,-0.06,-0.64865
2020-02-02,9.25,0.02,0.21668
2020-01-30,9.23,-0.04,-0.4315
2020-01-29,9.27,0.26,2.88568
2020-01-16,9.01,0.07,0.783
2020-01-15,8.94,0.05,0.56243
2020-01-14,8.89,0.09,1.02273
2020-01-13,8.8,0.02,0.22779
2020-01-12,8.78,0.03,0.34286
2020-01-09,8.75,0.05,0.57471
2020-01-08,8.7,0.01,0.11507
2020-01-07,8.69,-0.02,-0.22962
2020-01-06,8.71,-0.04,-0.45714
2020-01-05,8.75,0.01,0.11442
2020-01-02,8.74,-0.01,-0.11429
2020-01-01,8.75,-0.01,-0.11416
2019-12-30,8.76,0.01,0.11429
2019-12-29,8.75,-0.05,-0.56818
2019-12-26,8.8,0.06,0.6865
2019-12-25,8.74,0.02,0.22936
2019-12-23,8.72,-0.01,-0.11455
2019-12-22,8.73,-0.03,-0.34247
2019-12-19,8.76,0.05,0.57405
2019-12-18,8.71,-0.02,-0.2291
2019-12-17,8.73,0.0,0.0
2019-12-16,8.73,0.03,0.34483
2019-12-15,8.7,0.07,0.81112
2019-12-12,8.63,0.08,0.93567
2019-12-11,8.55,-0.05,-0.5814
2019-12-10,8.6,0.07,0.82063
2019-12-09,8.53,-0.01,-0.1171
2019-12-08,8.54,-0.03,-0.35006
2019-12-05,8.57,0.02,0.23392
2019-12-04,8.55,0.03,0.35211
2019-12-03,8.52,0.06,0.70922
2019-12-02,8.46,0.02,0.23697
2019-12-01,8.44,-0.09,-1.0551
2019-11-28,8.53,-0.03,-0.35047
2019-11-26,8.56,0.02,0.23419
2019-11-25,8.54,0.03,0.35253
2019-11-24,8.51,0.02,0.23557
2019-11-21,8.49,0.0,0.0
2019-11-20,8.49,-0.03,-0.35211
2019-11-19,8.52,0.01,0.11751
2019-11-18,8.51,-0.03,-0.35129
2019-11-17,8.54,0.04,0.47059
2019-11-14,8.5,0.02,0.23585
2019-11-13,8.48,0.02,0.23641
2019-11-12,8.46,0.08,0.95465
2019-11-11,8.38,0.03,0.35928
2019-11-10,8.35,-0.04,-0.47676
2019-11-07,8.39,-0.02,-0.23781
2019-11-06,8.41,-0.14,-1.63743
2019-11-05,8.55,0.03,0.35211
2019-11-04,8.52,-0.08,-0.93023
2019-11-03,8.6,-0.07,-0.80738
2019-10-31,8.67,0.0,0.0
2019-10-30,8.67,0.02,0.23121
2019-10-29,8.65,0.07,0.81585
2019-10-28,8.58,-0.03,-0.34843
2019-10-27,8.61,-0.07,-0.80645
2019-10-24,8.68,-0.07,-0.8
2019-10-23,8.75,0.03,0.34404
2019-10-22,8.72,0.03,0.34522
2019-10-21,8.69,0.04,0.46243
2019-10-20,8.65,-0.01,-0.11547
2019-10-17,8.66,0.02,0.23148
2019-10-16,8.64,0.0,0.0
2019-10-15,8.64,0.03,0.34843
2019-10-14,8.61,0.03,0.34965
2019-10-13,8.58,-0.04,-0.46404
2019-10-08,8.62,0.03,0.34924
2019-10-07,8.59,-0.09,-1.03687
2019-10-06,8.68,-0.02,-0.22989
2019-10-03,8.7,0.08,0.92807
2019-10-02,8.62,0.01,0.11614
2019-10-01,8.61,-0.11,-1.26147
2019-09-30,8.72,0.02,0.22989
2019-09-26,8.7,-0.02,-0.22936
2019-09-25,8.72,0.05,0.5767
2019-09-24,8.67,-0.05,-0.57339
2019-09-23,8.72,0.07,0.80925
2019-09-22,8.65,0.03,0.34803
2019-09-19,8.62,0.0,0.0
2019-09-18,8.62,0.01,0.11614
2019-09-17,8.61,0.01,0.11628
2019-09-16,8.6,0.09,1.05758
2019-09-15,8.51,-0.09,-1.04651
2019-09-11,8.6,0.01,0.11641
2019-09-10,8.59,0.04,0.46784
2019-09-09,8.55,-0.02,-0.23337
2019-09-08,8.57,-0.03,-0.34884
2019-09-05,8.6,-0.02,-0.23202
2019-09-04,8.62,-0.07,-0.80552
2019-09-03,8.69,0.02,0.23068
2019-09-02,8.67,0.09,1.04895
2019-09-01,8.58,0.01,0.11669
2019-08-29,8.57,-0.02,-0.23283
2019-08-28,8.59,0.04,0.46784
2019-08-27,8.55,-0.01,-0.11682
2019-08-26,8.56,0.03,0.3517
2019-08-25,8.53,0.0,0.0
2019-08-22,8.53,0.02,0.23502
2019-08-21,8.51,0.03,0.35377
2019-08-20,8.48,0.01,0.11806
2019-08-19,8.47,0.04,0.4745
2019-08-18,8.43,0.05,0.59666
2019-08-15,8.38,0.0,0.0
2019-08-14,8.38,0.06,0.72115
2019-08-13,8.32,-0.03,-0.35928
2019-08-12,8.35,-0.03,-0.358
2019-08-11,8.38,-0.05,-0.59312
2019-08-07,8.43,0.03,0.35714
2019-08-06,8.4,0.04,0.47847
2019-08-05,8.36,-0.05,-0.59453
2019-08-04,8.41,-0.16,-1.86698
2019-08-01,8.57,-0.06,-0.69525
2019-07-31,8.63,0.0,0.0
2019-07-30,8.63,-0.05,-0.57604
2019-07-29,8.68,-0.02,-0.22989
2019-07-28,8.7,0.0,0.0
2019-07-25,8.7,-0.05,-0.57143
2019-07-24,8.75,-0.03,-0.34169
2019-07-23,8.78,0.01,0.11403
2019-07-22,8.77,0.02,0.22857
2019-07-21,8.75,-0.05,-0.56818
2019-07-18,8.8,0.02,0.22779
2019-07-17,8.78,-0.03,-0.34052
2019-07-16,8.81,0.01,0.11364
2019-07-15,8.8,0.07,0.80183
2019-07-14,8.73,0.02,0.22962
2019-07-11,8.71,0.03,0.34562
2019-07-10,8.68,-0.02,-0.22989
2019-07-09,8.7,0.04,0.46189
2019-07-08,8.66,-0.05,-0.57405
2019-07-07,8.71,-0.1,-1.13507
2019-07-04,8.81,-0.02,-0.2265
2019-07-03,8.83,0.04,0.45506
2019-07-02,8.79,0.0,0.0
2019-07-01,8.79,0.05,0.57208
2019-06-27,8.74,-0.01,-0.11429
2019-06-26,8.75,0.08,0.92272
2019-06-25,8.67,0.01,0.11547
2019-06-24,8.66,-0.08,-0.91533
2019-06-23,8.74,0.01,0.11455
2019-06-20,8.73,0.03,0.34483
2019-06-19,8.7,0.04,0.46189
2019-06-18,8.66,0.08,0.9324
2019-06-17,8.58,0.06,0.70423
2019-06-16,8.52,-0.03,-0.35088
2019-06-13,8.55,-0.04,-0.46566
2019-06-12,8.59,-0.04,-0.4635
2019-06-11,8.63,-0.05,-0.57604
2019-06-10,8.68,0.09,1.04773
2019-06-09,8.59,0.09,1.05882
2019-06-05,8.5,-0.02,-0.23474
2019-06-04,8.52,0.01,0.11751
2019-06-03,8.51,-0.09,-1.04651
2019-06-02,8.6,0.02,0.2331
2019-05-30,8.58,0.01,0.11669
2019-05-29,8.57,0.01,0.11682
2019-05-28,8.56,-0.04,-0.46512
2019-05-27,8.6,0.03,0.35006
2019-05-26,8.57,0.02,0.23392
2019-05-23,8.55,0.03,0.35211
2019-05-22,8.52,-0.08,-0.93023
2019-05-21,8.6,-0.01,-0.11614
2019-05-20,8.61,0.05,0.58411
2019-05-19,8.56,-0.05,-0.58072
2019-05-16,8.61,-0.02,-0.23175
2019-05-15,8.63,0.0,0.0
2019-05-14,8.63,0.01,0.11601
2019-05-13,8.62,-0.09,-1.0333
2019-05-09,8.71,0.09,1.04408
2019-05-08,8.62,-0.14,-1.59817
2019-05-07,8.76,-0.12,-1.35135
2019-05-06,8.88,-0.03,-0.3367
2019-05-05,8.91,-0.3,-3.25733
2019-05-02,9.21,0.05,0.54585
2019-05-01,9.16,-0.01,-0.10905
2019-04-29,9.17,-0.03,-0.32609
2019-04-28,9.2,0.04,0.43668
2019-04-25,9.16,-0.01,-0.10905
2019-04-24,9.17,-0.13,-1.39785
2019-04-23,9.3,0.03,0.32362
2019-04-22,9.27,-0.07,-0.74946
2019-04-17,9.34,-0.01,-0.10695
2019-04-16,9.35,0.02,0.21436
2019-04-15,9.33,0.03,0.32258
2019-04-14,9.3,-0.02,-0.21459
2019-04-11,9.32,0.04,0.43103
2019-04-10,9.28,-0.11,-1.17146
2019-04-09,9.39,0.0,0.0
2019-04-08,9.39,0.09,0.96774
2019-04-07,9.3,0.04,0.43197
2019-04-02,9.26,0.12,1.31291
2019-04-01,9.14,0.03,0.32931
2019-03-31,9.11,0.05,0.55188
2019-03-28,9.06,0.07,0.77864
2019-03-27,8.99,0.05,0.55928
2019-03-26,8.94,0.04,0.44944
2019-03-25,8.9,-0.03,-0.33595
2019-03-24,8.93,-0.12,-1.32597
2019-03-21,9.05,0.0,0.0
2019-03-20,9.05,-0.02,-0.22051
2019-03-19,9.07,-0.04,-0.43908
2019-03-18,9.11,0.03,0.3304
2019-03-17,9.08,0.09,1.00111
2019-03-14,8.99,-0.02,-0.22198
2019-03-13,9.01,-0.04,-0.44199
2019-03-12,9.05,-0.05,-0.54945
2019-03-11,9.1,0.15,1.67598
2019-03-10,8.95,0.06,0.67492
2019-03-07,8.89,-0.19,-2.09251
2019-03-06,9.08,-0.08,-0.87336
2019-03-05,9.16,0.01,0.10929
2019-03-04,9.15,0.05,0.54945
2019-03-03,9.1,0.04,0.4415
2019-02-26,9.06,-0.05,-0.54885
2019-02-25,9.11,-0.06,-0.65431
2019-02-24,9.17,0.11,1.21413
2019-02-21,9.06,0.1,1.11607
2019-02-20,8.96,0.05,0.56117
2019-02-19,8.91,0.05,0.56433
2019-02-18,8.86,-0.02,-0.22523
2019-02-17,8.88,0.13,1.48571
2019-02-14,8.75,-0.12,-1.35287
2019-02-13,8.87,0.0,0.0
2019-02-12,8.87,0.13,1.48741
2019-02-11,8.74,0.04,0.45977
2019-02-10,8.7,0.08,0.92807
2019-01-29,8.62,0.02,0.23256
2019-01-28,8.6,-0.01,-0.11614
2019-01-27,8.61,-0.04,-0.46243
2019-01-24,8.65,0.05,0.5814
2019-01-23,8.6,0.08,0.93897
2019-01-22,8.52,0.01,0.11751
2019-01-21,8.51,-0.04,-0.46784
2019-01-20,8.55,0.07,0.82547
2019-01-17,8.48,0.03,0.35503
2019-01-16,8.45,-0.01,-0.1182
2019-01-15,8.46,0.04,0.47506
2019-01-14,8.42,0.13,1.56815
2019-01-13,8.29,-0.1,-1.1919
2019-01-10,8.39,0.07,0.84135
2019-01-09,8.32,0.01,0.12034
2019-01-08,8.31,0.11,1.34146
2019-01-07,8.2,0.01,0.1221
2019-01-06,8.19,0.11,1.36139
2019-01-03,8.08,0.08,1.0
2019-01-02,8.0,-0.02,-0.24938
2019-01-01,8.02,-0.13,-1.59509
2018-12-27,8.15,0.01,0.12285
2018-12-26,8.14,-0.03,-0.3672
2018-12-23,8.17,-0.02,-0.2442
2018-12-20,8.19,-0.06,-0.72727
2018-12-19,8.25,-0.06,-0.72202
2018-12-18,8.31,-0.06,-0.71685
2018-12-17,8.37,-0.12,-1.41343
2018-12-16,8.49,-0.03,-0.35211
2018-12-13,8.52,-0.1,-1.16009
2018-12-12,8.62,0.08,0.93677
2018-12-11,8.54,0.05,0.58893
2018-12-10,8.49,0.01,0.11792
2018-12-09,8.48,-0.08,-0.93458
2018-12-06,8.56,-0.05,-0.58072
2018-12-05,8.61,-0.13,-1.48741
2018-12-04,8.74,-0.07,-0.79455
2018-12-03,8.81,0.01,0.11364
2018-12-02,8.8,0.22,2.5641
2018-11-29,8.58,0.11,1.2987
2018-11-28,8.47,-0.07,-0.81967
2018-11-27,8.54,0.11,1.30486
2018-11-26,8.43,0.01,0.11876
2018-11-25,8.42,0.06,0.7177
2018-11-22,8.36,-0.07,-0.83037
2018-11-21,8.43,-0.05,-0.58962
2018-11-20,8.48,-0.03,-0.35253
2018-11-19,8.51,-0.15,-1.7321
2018-11-18,8.66,0.06,0.69767
2018-11-15,8.6,0.02,0.2331
2018-11-14,8.58,0.07,0.82256
2018-11-13,8.51,-0.08,-0.93132
2018-11-12,8.59,0.04,0.46784
2018-11-11,8.55,0.05,0.58824
2018-11-08,8.5,-0.12,-1.39211
2018-11-07,8.62,0.01,0.11614
2018-11-06,8.61,0.02,0.23283
2018-11-05,8.59,0.06,0.7034
2018-11-04,8.53,-0.12,-1.38728
2018-11-01,8.65,0.2,2.36686
2018-10-31,8.45,0.07,0.83532
2018-10-30,8.38,0.17,2.07065
2018-10-29,8.21,0.01,0.12195
2018-10-28,8.2,-0.07,-0.84643
2018-10-25,8.27,-0.02,-0.24125
2018-10-24,8.29,-0.04,-0.48019
2018-10-23,8.33,-0.06,-0.71514
2018-10-22,8.39,-0.18,-2.10035
2018-10-21,8.57,0.16,1.9025
2018-10-18,8.41,0.02,0.23838
2018-10-17,8.39,-0.04,-0.4745
2018-10-15,8.43,0.0,0.0
2018-10-14,8.43,-0.12,-1.40351
2018-10-11,8.55,0.02,0.23447
2018-10-10,8.53,-0.27,-3.06818
2018-10-08,8.8,0.06,0.6865
2018-10-07,8.74,-0.09,-1.01925
2018-10-04,8.83,-0.05,-0.56306
2018-10-03,8.88,-0.03,-0.3367
2018-10-02,8.91,0.06,0.67797
2018-10-01,8.85,-0.08,-0.89586
2018-09-27,8.93,0.11,1.24717
2018-09-26,8.82,-0.09,-1.0101
2018-09-25,8.91,-0.05,-0.55804
2018-09-20,8.96,0.13,1.47225
2018-09-19,8.83,0.04,0.45506
2018-09-18,8.79,0.09,1.03448
2018-09-17,8.7,0.07,0.81112
2018-09-16,8.63,-0.05,-0.57604
2018-09-13,8.68,0.05,0.57937
2018-09-12,8.63,0.17,2.00946
2018-09-11,8.46,0.0,0.0
2018-09-10,8.46,-0.1,-1.16822
2018-09-09,8.56,-0.07,-0.81112
2018-09-06,8.63,0.01,0.11601
2018-09-05,8.62,-0.02,-0.23148
2018-09-04,8.64,-0.08,-0.91743
2018-09-03,8.72,0.05,0.5767
2018-09-02,8.67,-0.05,-0.57339
2018-08-30,8.72,-0.01,-0.11455
2018-08-29,8.73,-0.05,-0.56948
2018-08-28,8.78,0.0,0.0
2018-08-27,8.78,-0.01,-0.11377
2018-08-26,8.79,0.11,1.26728
2018-08-23,8.68,0.0,0.0
2018-08-22,8.68,-0.01,-0.11507
2018-08-21,8.69,-0.01,-0.11494
2018-08-20,8.7,0.11,1.28056
2018-08-19,8.59,0.0,0.0
2018-08-16,8.59,-0.02,-0.23229
2018-08-15,8.61,-0.03,-0.34722
2018-08-14,8.64,-0.11,-1.25714
2018-08-13,8.75,-0.08,-0.906
2018-08-12,8.83,-0.12,-1.34078
2018-08-09,8.95,-0.05,-0.55556
2018-08-08,9.0,0.07,0.78387
2018-08-07,8.93,0.07,0.79007
2018-08-06,8.86,0.1,1.14155
2018-08-05,8.76,-0.05,-0.56754
2018-08-02,8.81,-0.05,-0.56433
2018-08-01,8.86,-0.14,-1.55556
2018-07-31,9.0,-0.07,-0.77178
2018-07-30,9.07,0.0,0.0
2018-07-29,9.07,-0.03,-0.32967
2018-07-26,9.1,0.05,0.55249
2018-07-25,9.05,-0.04,-0.44004
2018-07-24,9.09,0.03,0.33113
2018-07-23,9.06,0.1,1.11607
2018-07-22,8.96,0.03,0.33595
2018-07-19,8.93,0.08,0.90395
2018-07-18,8.85,0.01,0.11312
2018-07-17,8.84,-0.01,-0.11299
2018-07-16,8.85,-0.02,-0.22548
2018-07-15,8.87,0.01,0.11287
2018-07-12,8.86,-0.05,-0.56117
2018-07-11,8.91,0.14,1.59635
2018-07-10,8.77,-0.12,-1.34983
2018-07-09,8.89,-0.01,-0.11236
2018-07-08,8.9,0.11,1.25142
2018-07-05,8.79,-0.01,-0.11364
2018-07-04,8.8,-0.04,-0.45249
2018-07-03,8.84,-0.07,-0.78563
2018-07-02,8.91,-0.06,-0.6689
2018-06-28,8.97,0.12,1.35593
2018-06-27,8.85,0.05,0.56818
2018-06-26,8.8,-0.11,-1.23457
2018-06-25,8.91,-0.09,-1.0
2018-06-24,9.0,-0.02,-0.22173
2018-06-21,9.02,0.0,0.0
2018-06-20,9.02,-0.09,-0.98793
2018-06-19,9.11,0.05,0.55188
2018-06-18,9.06,-0.23,-2.47578
2018-06-14,9.29,-0.07,-0.74786
2018-06-13,9.36,-0.04,-0.42553
2018-06-12,9.4,-0.05,-0.5291
2018-06-11,9.45,0.08,0.85379
2018-06-10,9.37,0.01,0.10684
2018-06-07,9.36,-0.07,-0.74231
2018-06-06,9.43,0.01,0.10616
2018-06-05,9.42,0.08,0.85653
2018-06-04,9.34,0.01,0.10718
2018-06-03,9.33,0.01,0.1073
2018-05-31,9.32,-0.04,-0.42735
2018-05-30,9.36,0.16,1.73913
2018-05-29,9.2,-0.1,-1.07527
2018-05-28,9.3,-0.03,-0.32154
2018-05-27,9.33,0.06,0.64725
2018-05-24,9.27,-0.03,-0.32258
2018-05-23,9.3,0.03,0.32362
2018-05-22,9.27,-0.05,-0.53648
2018-05-20,9.32,0.05,0.53937
2018-05-17,9.27,0.03,0.32468
2018-05-16,9.24,-0.07,-0.75188
2018-05-15,9.31,0.03,0.32328
2018-05-14,9.28,0.02,0.21598
2018-05-13,9.26,0.04,0.43384
2018-05-10,9.22,0.0,0.0
2018-05-09,9.22,0.03,0.32644
2018-05-08,9.19,0.04,0.43716
2018-05-07,9.15,0.01,0.10941
2018-05-06,9.14,0.06,0.66079
2018-05-03,9.08,-0.06,-0.65646
2018-05-02,9.14,0.02,0.2193
2018-05-01,9.12,-0.05,-0.54526
2018-04-29,9.17,0.07,0.76923
2018-04-26,9.1,0.05,0.55249
2018-04-25,9.05,-0.03,-0.3304
2018-04-24,9.08,0.03,0.33149
2018-04-23,9.05,0.12,1.34378
2018-04-22,8.93,-0.01,-0.11186
2018-04-19,8.94,-0.09,-0.99668
2018-04-18,9.03,0.11,1.23318
2018-04-17,8.92,0.05,0.5637
2018-04-16,8.87,-0.08,-0.89385
2018-04-15,8.95,-0.06,-0.66593
2018-04-12,9.01,0.04,0.44593
2018-04-11,8.97,-0.02,-0.22247
2018-04-10,8.99,0.02,0.22297
2018-04-09,8.97,0.1,1.1274
2018-04-08,8.87,0.01,0.11287
2018-04-02,8.86,-0.01,-0.11274
2018-03-28,8.87,0.05,0.56689
2018-03-27,8.82,-0.14,-1.5625
2018-03-26,8.96,0.11,1.24294
2018-03-25,8.85,0.01,0.11312
2018-03-22,8.84,-0.15,-1.66852
2018-03-21,8.99,-0.08,-0.88203
2018-03-20,9.07,-0.01,-0.11013
2018-03-19,9.08,-0.02,-0.21978
2018-03-18,9.1,-0.03,-0.32859
2018-03-15,9.13,0.0,0.0
2018-03-14,9.13,-0.04,-0.43621
2018-03-13,9.17,0.01,0.10917
2018-03-12,9.16,-0.02,-0.21786
2018-03-11,9.18,0.09,0.9901
2018-03-08,9.09,0.04,0.44199
2018-03-07,9.05,0.05,0.55556
2018-03-06,9.0,-0.12,-1.31579
2018-03-05,9.12,0.1,1.10865
2018-03-04,9.02,-0.11,-1.20482
2018-03-01,9.13,-0.04,-0.43621
2018-02-28,9.17,-0.02,-0.21763
2018-02-26,9.19,-0.03,-0.32538
2018-02-25,9.22,0.06,0.65502
2018-02-22,9.16,0.05,0.54885
2018-02-21,9.11,0.01,0.10989
2018-02-20,9.1,0.26,2.94118
2018-02-11,8.84,0.03,0.34052
2018-02-08,8.81,-0.16,-1.78372
2018-02-07,8.97,-0.05,-0.55432
2018-02-06,9.02,-0.12,-1.31291
2018-02-05,9.14,-0.28,-2.9724
2018-02-04,9.42,-0.02,-0.21186
2018-02-01,9.44,0.08,0.8547
2018-01-31,9.36,-0.03,-0.31949
2018-01-30,9.39,-0.01,-0.10638
2018-01-29,9.4,-0.1,-1.05263
2018-01-28,9.5,0.04,0.42283
2018-01-25,9.46,0.08,0.85288
2018-01-24,9.38,0.01,0.10672
2018-01-23,9.37,0.08,0.86114
2018-01-22,9.29,0.04,0.43243
2018-01-21,9.25,0.02,0.21668
2018-01-18,9.23,0.03,0.32609
2018-01-17,9.2,0.05,0.54645
2018-01-16,9.15,0.0,0.0
2018-01-15,9.15,0.04,0.43908
2018-01-14,9.11,-0.11,-1.19306
2018-01-11,9.22,0.07,0.76503
2018-01-10,9.15,0.03,0.32895
2018-01-09,9.12,-0.01,-0.10953
2018-01-08,9.13,-0.02,-0.21858
2018-01-07,9.15,0.07,0.77093
2018-01-04,9.08,0.02,0.22075
2018-01-03,9.06,0.09,1.00334
2018-01-02,8.97,0.07,0.78652
2018-01-01,8.9,0.0,0.0
2017-12-28,8.9,0.08,0.90703
2017-12-27,8.82,-0.02,-0.22624
2017-12-26,8.84,0.0,0.0
2017-12-21,8.84,0.01,0.11325
2017-12-20,8.83,0.03,0.34091
2017-12-19,8.8,0.06,0.6865
2017-12-18,8.74,0.06,0.69124
2017-12-17,8.68,-0.02,-0.22989
2017-12-14,8.7,-0.06,-0.68493
2017-12-13,8.76,0.03,0.34364
2017-12-12,8.73,0.13,1.51163
2017-12-11,8.6,-0.04,-0.46296
2017-12-10,8.64,0.07,0.8168
2017-12-07,8.57,0.03,0.35129
2017-12-06,8.54,-0.06,-0.69767
2017-12-05,8.6,-0.12,-1.37615
2017-12-04,8.72,-0.08,-0.90909
2017-12-03,8.8,0.06,0.6865
2017-11-30,8.74,0.01,0.11455
2017-11-29,8.73,-0.03,-0.34247
2017-11-28,8.76,0.0,0.0
2017-11-27,8.76,-0.03,-0.3413
2017-11-26,8.79,-0.06,-0.67797
2017-11-23,8.85,0.05,0.56818
2017-11-22,8.8,-0.03,-0.33975
2017-11-21,8.83,0.13,1.49425
2017-11-20,8.7,0.04,0.46189
2017-11-19,8.66,-0.09,-1.02857
2017-11-16,8.75,-0.01,-0.11416
2017-11-15,8.76,-0.02,-0.22779
2017-11-14,8.78,-0.07,-0.79096
2017-11-13,8.85,0.05,0.56818
2017-11-12,8.8,-0.01,-0.11351
2017-11-09,8.81,-0.04,-0.45198
2017-11-08,8.85,0.03,0.34014
2017-11-07,8.82,-0.05,-0.5637
2017-11-06,8.87,0.04,0.453
2017-11-05,8.83,-0.01,-0.11312
2017-11-02,8.84,-0.05,-0.56243
2017-11-01,8.89,-0.01,-0.11236
2017-10-31,8.9,0.06,0.67873
2017-10-30,8.84,-0.03,-0.33822
2017-10-29,8.87,0.0,0.0
2017-10-26,8.87,0.07,0.79545
2017-10-25,8.8,-0.01,-0.11351
2017-10-24,8.81,0.01,0.11364
2017-10-23,8.8,-0.03,-0.33975
2017-10-22,8.83,-0.02,-0.22599
2017-10-19,8.85,0.1,1.14286
2017-10-18,8.75,-0.08,-0.906
2017-10-17,8.83,0.02,0.22701
2017-10-16,8.81,0.0,0.0
2017-10-15,8.81,0.0,0.0
2017-10-12,8.81,0.05,0.57078
2017-10-11,8.76,0.02,0.22883
2017-10-10,8.74,-0.05,-0.56883
2017-10-05,8.79,0.0,0.0
2017-10-02,8.79,0.09,1.03448
2017-09-28,8.7,0.05,0.57803
2017-09-27,8.65,-0.04,-0.4603
2017-09-26,8.69,0.07,0.81206
2017-09-25,8.62,0.03,0.34924
2017-09-24,8.59,-0.16,-1.82857
2017-09-21,8.75,-0.05,-0.56818
2017-09-20,8.8,0.05,0.57143
2017-09-19,8.75,0.0,0.0
2017-09-18,8.75,-0.01,-0.11416
2017-09-17,8.76,0.04,0.45872
2017-09-14,8.72,-0.03,-0.34286
2017-09-13,8.75,-0.02,-0.22805
2017-09-12,8.77,-0.05,-0.56689
2017-09-11,8.82,0.04,0.45558
2017-09-10,8.78,0.01,0.11403
2017-09-07,8.77,-0.02,-0.22753
2017-09-06,8.79,0.02,0.22805
2017-09-05,8.77,-0.02,-0.22753
2017-09-04,8.79,-0.04,-0.453
2017-09-03,8.83,-0.05,-0.56306
2017-08-31,8.88,0.01,0.11274
2017-08-30,8.87,-0.03,-0.33708
2017-08-29,8.9,0.06,0.67873
2017-08-28,8.84,-0.01,-0.11299
2017-08-27,8.85,0.01,0.11312
2017-08-24,8.84,0.04,0.45455
2017-08-23,8.8,-0.02,-0.22676
2017-08-21,8.82,0.01,0.11351
2017-08-20,8.81,0.05,0.57078
2017-08-17,8.76,-0.08,-0.90498
2017-08-16,8.84,0.05,0.56883
2017-08-15,8.79,0.04,0.45714
2017-08-14,8.75,-0.03,-0.34169
2017-08-13,8.78,0.06,0.68807
2017-08-10,8.72,-0.16,-1.8018
2017-08-09,8.88,-0.03,-0.3367
2017-08-08,8.91,-0.01,-0.11211
2017-08-07,8.92,0.02,0.22472
2017-08-06,8.9,0.07,0.79275
2017-08-03,8.83,0.02,0.22701
2017-08-02,8.81,-0.06,-0.67644
2017-08-01,8.87,0.04,0.453
2017-07-31,8.83,0.03,0.34091
2017-07-30,8.8,0.07,0.80183
2017-07-27,8.73,-0.06,-0.68259
2017-07-26,8.79,-0.04,-0.453
2017-07-25,8.83,-0.01,-0.11312
2017-07-24,8.84,-0.09,-1.00784
2017-07-23,8.93,-0.03,-0.33482
2017-07-20,8.96,0.01,0.11173
2017-07-19,8.95,0.02,0.22396
2017-07-18,8.93,0.17,1.94064
2017-07-17,8.76,0.01,0.11429
2017-07-16,8.75,-0.03,-0.34169
2017-07-13,8.78,0.05,0.57274
2017-07-12,8.73,0.02,0.22962
2017-07-11,8.71,-0.05,-0.57078
2017-07-10,8.76,0.02,0.22883
2017-07-09,8.74,0.0,0.0
2017-07-06,8.74,0.03,0.34443
2017-07-05,8.71,-0.01,-0.11468
2017-07-04,8.72,0.02,0.22989
2017-07-03,8.7,-0.04,-0.45767
2017-07-02,8.74,0.02,0.22936
2017-06-29,8.72,0.08,0.92593
2017-06-28,8.64,0.02,0.23202
2017-06-27,8.62,-0.03,-0.34682
2017-06-26,8.65,-0.04,-0.4603
2017-06-25,8.69,0.1,1.16414
2017-06-22,8.59,0.02,0.23337
2017-06-21,8.57,-0.05,-0.58005
2017-06-20,8.62,0.05,0.58343
2017-06-19,8.57,0.04,0.46893
2017-06-18,8.53,0.01,0.11737
2017-06-15,8.52,0.05,0.59032
2017-06-14,8.47,-0.07,-0.81967
2017-06-13,8.54,0.04,0.47059
2017-06-12,8.5,0.02,0.23585
2017-06-11,8.48,-0.03,-0.35253
2017-06-08,8.51,-0.05,-0.58411
2017-06-07,8.56,0.05,0.58754
2017-06-06,8.51,0.03,0.35377
2017-06-05,8.48,0.0,0.0
2017-06-04,8.48,-0.02,-0.23529
2017-06-01,8.5,0.02,0.23585
2017-05-31,8.48,0.06,0.71259
2017-05-30,8.42,0.02,0.2381
2017-05-25,8.4,0.02,0.23866
2017-05-24,8.38,0.05,0.60024
2017-05-23,8.33,-0.07,-0.83333
2017-05-22,8.4,-0.03,-0.35587
2017-05-21,8.43,0.03,0.35714
2017-05-18,8.4,0.03,0.35842
2017-05-17,8.37,-0.04,-0.47562
2017-05-16,8.41,0.0,0.0
2017-05-15,8.41,0.03,0.358
2017-05-14,8.38,0.05,0.60024
2017-05-11,8.33,-0.01,-0.1199
2017-05-10,8.34,0.0,0.0
2017-05-09,8.34,0.05,0.60314
2017-05-08,8.29,0.11,1.34474
2017-05-07,8.18,0.01,0.1224
2017-05-04,8.17,-0.05,-0.60827
2017-05-03,8.22,-0.04,-0.48426
2017-05-01,8.26,-0.03,-0.36188
2017-04-27,8.29,0.04,0.48485
2017-04-26,8.25,-0.01,-0.12107
2017-04-25,8.26,-0.01,-0.12092
2017-04-24,8.27,0.02,0.24242
2017-04-23,8.25,-0.02,-0.24184
2017-04-20,8.27,0.0,0.0
2017-04-19,8.27,0.04,0.48603
2017-04-18,8.23,-0.08,-0.9627
2017-04-17,8.31,-0.09,-1.07143
2017-04-12,8.4,-0.08,-0.9434
2017-04-11,8.48,0.02,0.23641
2017-04-10,8.46,-0.06,-0.70423
2017-04-09,8.52,-0.04,-0.46729
2017-04-06,8.56,0.07,0.8245
2017-04-05,8.49,0.04,0.47337
2017-04-04,8.45,0.03,0.35629
2017-03-30,8.42,-0.02,-0.23697
2017-03-29,8.44,-0.03,-0.35419
2017-03-28,8.47,-0.01,-0.11792
2017-03-27,8.48,0.02,0.23641
2017-03-26,8.46,-0.18,-2.08333
2017-03-23,8.64,0.03,0.34843
2017-03-22,8.61,-0.04,-0.46243
2017-03-21,8.65,-0.09,-1.02975
2017-03-20,8.74,0.03,0.34443
2017-03-19,8.71,0.03,0.34562
2017-03-16,8.68,-0.03,-0.34443
2017-03-15,8.71,0.07,0.81019
2017-03-14,8.64,0.03,0.34843
2017-03-13,8.61,0.03,0.34965
2017-03-12,8.58,0.1,1.17925
2017-03-09,8.48,-0.03,-0.35253
2017-03-08,8.51,-0.08,-0.93132
2017-03-07,8.59,0.04,0.46784
2017-03-06,8.55,-0.04,-0.46566
2017-03-05,8.59,0.0,0.0
2017-03-02,8.59,0.0,0.0
2017-03-01,8.59,0.0,0.0
2017-02-28,8.59,0.05,0.58548
2017-02-23,8.54,-0.04,-0.4662
2017-02-22,8.58,-0.04,-0.46404
2017-02-21,8.62,0.12,1.41176
2017-02-20,8.5,-0.03,-0.3517
2017-02-19,8.53,0.1,1.18624
2017-02-16,8.43,-0.07,-0.82353
2017-02-15,8.5,0.05,0.59172
2017-02-14,8.45,-0.06,-0.70505
2017-02-13,8.51,-0.04,-0.46784
2017-02-12,8.55,0.06,0.70671
2017-02-09,8.49,0.03,0.35461
2017-02-08,8.46,-0.02,-0.23585
2017-02-07,8.48,0.06,0.71259
2017-02-06,8.42,0.07,0.83832
2017-02-05,8.35,-0.03,-0.358
2017-02-02,8.38,-0.03,-0.35672
2017-02-01,8.41,-0.08,-0.94229
2017-01-23,8.49,0.11,1.31265
2017-01-22,8.38,0.02,0.23923
2017-01-19,8.36,-0.05,-0.59453
2017-01-18,8.41,0.0,0.0
2017-01-17,8.41,0.06,0.71856
2017-01-16,8.35,0.02,0.2401
2017-01-15,8.33,-0.03,-0.35885
2017-01-12,8.36,-0.02,-0.23866
2017-01-11,8.38,-0.03,-0.35672
2017-01-10,8.41,0.03,0.358
2017-01-09,8.38,0.13,1.57576
2017-01-08,8.25,0.0,0.0
2017-01-05,8.25,0.05,0.60976
2017-01-04,8.2,0.02,0.2445
2017-01-03,8.18,0.07,0.86313
2017-01-02,8.11,-0.01,-0.12315
2016-12-29,8.12,0.01,0.1233
2016-12-28,8.11,0.01,0.12346
2016-12-27,8.1,0.06,0.74627
2016-12-22,8.04,0.05,0.62578
2016-12-21,7.99,-0.04,-0.49813
2016-12-20,8.03,0.08,1.00629
2016-12-19,7.95,0.0,0.0
2016-12-18,7.95,-0.03,-0.37594
2016-12-15,7.98,-0.01,-0.12516
2016-12-14,7.99,-0.04,-0.49813
2016-12-13,8.03,-0.01,-0.12438
2016-12-12,8.04,0.05,0.62578
2016-12-11,7.99,-0.12,-1.47965
2016-12-08,8.11,0.04,0.49566
2016-12-07,8.07,0.0,0.0
2016-12-06,8.07,0.01,0.12407
2016-12-05,8.06,0.03,0.3736
2016-12-04,8.03,-0.04,-0.49566
2016-12-01,8.07,-0.05,-0.61576
2016-11-30,8.12,0.03,0.37083
2016-11-29,8.09,0.04,0.49689
2016-11-28,8.05,0.03,0.37406
2016-11-27,8.02,0.02,0.25
2016-11-24,8.0,0.03,0.37641
2016-11-23,7.97,0.02,0.25157
2016-11-22,7.95,-0.04,-0.50063
2016-11-21,7.99,0.02,0.25094
2016-11-20,7.97,0.06,0.75853
2016-11-17,7.91,0.05,0.63613
2016-11-16,7.86,0.03,0.38314
2016-11-15,7.83,-0.01,-0.12755
2016-11-14,7.84,0.01,0.12771
2016-11-13,7.83,0.02,0.25608
2016-11-10,7.81,0.01,0.12821
2016-11-09,7.8,0.09,1.16732
2016-11-08,7.71,-0.1,-1.28041
2016-11-07,7.81,0.01,0.12821
2016-11-06,7.8,0.12,1.5625
2016-11-03,7.68,-0.01,-0.13004
2016-11-02,7.69,-0.05,-0.64599
2016-11-01,7.74,-0.11,-1.40127
2016-10-31,7.85,0.01,0.12755
2016-10-30,7.84,-0.04,-0.50761
2016-10-27,7.88,-0.05,-0.63052
2016-10-26,7.93,-0.03,-0.37688
2016-10-25,7.96,-0.03,-0.37547
2016-10-24,7.99,0.01,0.12531
2016-10-23,7.98,0.1,1.26904
2016-10-19,7.88,-0.01,-0.12674
2016-10-18,7.89,-0.02,-0.25284
2016-10-17,7.91,0.09,1.1509
2016-10-16,7.82,0.0,0.0
2016-10-13,7.82,-0.02,-0.2551
2016-10-12,7.84,-0.02,-0.25445
2016-10-11,7.86,-0.03,-0.38023
2016-10-10,7.89,-0.01,-0.12658
2016-10-06,7.9,-0.02,-0.25253
2016-10-05,7.92,0.08,1.02041
2016-10-04,7.84,0.03,0.38412
2016-10-03,7.81,0.04,0.5148
2016-10-02,7.77,0.05,0.64767
2016-09-29,7.72,-0.1,-1.27877
2016-09-28,7.82,0.13,1.69051
2016-09-25,7.69,-0.08,-1.0296
2016-09-22,7.77,-0.06,-0.76628
2016-09-21,7.83,0.02,0.25608
2016-09-20,7.81,0.12,1.56047
2016-09-19,7.69,-0.03,-0.3886
2016-09-18,7.72,0.09,1.17955
2016-09-13,7.63,0.03,0.39474
2016-09-12,7.6,-0.03,-0.39318
2016-09-11,7.63,-0.08,-1.03761
2016-09-09,7.71,0.01,0.12987
2016-09-08,7.7,0.01,0.13004
2016-09-07,7.69,0.05,0.65445
2016-09-06,7.64,-0.01,-0.13072
2016-09-05,7.65,0.03,0.3937
2016-09-04,7.62,0.06,0.79365
2016-09-01,7.56,0.03,0.39841
2016-08-31,7.53,0.06,0.80321
2016-08-30,7.47,-0.06,-0.79681
2016-08-29,7.53,-0.01,-0.13263
2016-08-28,7.54,0.0,0.0
2016-08-25,7.54,0.01,0.1328
2016-08-24,7.53,-0.03,-0.39683
2016-08-23,7.56,-0.01,-0.1321
2016-08-22,7.57,-0.04,-0.52562
2016-08-21,7.61,0.01,0.13158
2016-08-18,7.6,-0.02,-0.26247
2016-08-17,7.62,0.0,0.0
2016-08-16,7.62,0.01,0.13141
2016-08-15,7.61,-0.02,-0.26212
2016-08-14,7.63,0.0,0.0
2016-08-11,7.63,0.06,0.7926
2016-08-10,7.57,0.03,0.39788
2016-08-09,7.54,-0.05,-0.65876
2016-08-08,7.59,0.0,0.0
2016-08-07,7.59,0.05,0.66313
2016-08-04,7.54,-0.02,-0.26455
2016-08-03,7.56,0.04,0.53191
2016-08-02,7.52,-0.05,-0.6605
2016-08-01,7.57,-0.02,-0.2635
2016-07-31,7.59,-0.01,-0.13158
2016-07-28,7.6,-0.05,-0.65359
2016-07-27,7.65,-0.01,-0.13055
2016-07-26,7.66,-0.01,-0.13038
2016-07-25,7.67,0.02,0.26144
2016-07-24,7.65,0.02,0.26212
2016-07-21,7.63,-0.02,-0.26144
2016-07-20,7.65,0.03,0.3937
2016-07-19,7.62,0.03,0.39526
2016-07-18,7.59,-0.04,-0.52425
2016-07-17,7.63,0.01,0.13123
2016-07-14,7.62,0.0,0.0
2016-07-13,7.62,-0.03,-0.39216
2016-07-12,7.65,0.02,0.26212
2016-07-11,7.63,0.04,0.52701
2016-07-10,7.59,0.06,0.79681
2016-07-06,7.53,-0.02,-0.2649
2016-07-05,7.55,0.0,0.0
2016-07-04,7.55,-0.04,-0.52701
2016-07-03,7.59,0.03,0.39683
2016-06-30,7.56,0.0,0.0
2016-06-29,7.56,0.09,1.20482
2016-06-28,7.47,0.06,0.80972
2016-06-27,7.41,0.04,0.54274
2016-06-26,7.37,-0.02,-0.27064
2016-06-23,7.39,-0.16,-2.11921
2016-06-22,7.55,0.04,0.53262
2016-06-21,7.51,0.01,0.13333
2016-06-20,7.5,0.01,0.13351
2016-06-19,7.49,0.08,1.07962
2016-06-16,7.41,0.03,0.4065
2016-06-15,7.38,-0.03,-0.40486
2016-06-14,7.41,0.01,0.13514
2016-06-13,7.4,-0.06,-0.80429
2016-06-12,7.46,-0.11,-1.4531
2016-06-07,7.57,-0.03,-0.39474
2016-06-06,7.6,0.05,0.66225
2016-06-05,7.55,0.0,0.0
2016-06-03,7.55,-0.02,-0.2642
2016-06-02,7.57,0.12,1.61074
2016-06-01,7.45,-0.01,-0.13405
2016-05-31,7.46,-0.01,-0.13387
2016-05-30,7.47,0.0,0.0
2016-05-29,7.47,0.03,0.40323
2016-05-26,7.44,-0.01,-0.13423
2016-05-25,7.45,0.01,0.13441
2016-05-24,7.44,0.02,0.26954
2016-05-23,7.42,0.03,0.40595
2016-05-22,7.39,-0.03,-0.40431
2016-05-19,7.42,0.01,0.13495
2016-05-18,7.41,-0.03,-0.40323
2016-05-17,7.44,-0.06,-0.8
2016-05-16,7.5,-0.03,-0.39841
2016-05-15,7.53,0.03,0.4
2016-05-12,7.5,-0.02,-0.26596
2016-05-11,7.52,0.01,0.13316
2016-05-10,7.51,0.02,0.26702
2016-05-09,7.49,0.04,0.53691
2016-05-08,7.45,-0.03,-0.40107
2016-05-05,7.48,-0.01,-0.13351
2016-05-04,7.49,-0.01,-0.13333
2016-05-03,7.5,0.01,0.13351
2016-05-02,7.49,-0.03,-0.39894
2016-04-28,7.52,0.01,0.13316
2016-04-27,7.51,0.0,0.0
2016-04-26,7.51,0.0,0.0
2016-04-25,7.51,0.0,0.0
2016-04-24,7.51,0.01,0.13333
2016-04-21,7.5,-0.02,-0.26596
2016-04-20,7.52,-0.02,-0.26525
2016-04-19,7.54,-0.06,-0.78947
2016-04-18,7.6,0.03,0.3963
2016-04-17,7.57,0.04,0.53121
2016-04-14,7.53,0.0,0.0
2016-04-13,7.53,0.04,0.53405
2016-04-12,7.49,-0.01,-0.13333
2016-04-11,7.5,0.03,0.40161
2016-04-10,7.47,-0.01,-0.13369
2016-04-07,7.48,0.07,0.94467
2016-04-06,7.41,-0.03,-0.40323
2016-04-05,7.44,-0.01,-0.13423
2016-03-31,7.45,-0.01,-0.13405
2016-03-30,7.46,-0.03,-0.40053
2016-03-29,7.49,-0.02,-0.26631
2016-03-28,7.51,0.05,0.67024
2016-03-27,7.46,0.0,0.0
2016-03-24,7.46,-0.01,-0.13387
2016-03-23,7.47,0.02,0.26846
2016-03-22,7.45,0.02,0.26918
2016-03-21,7.43,-0.01,-0.13441
2016-03-20,7.44,-0.01,-0.13423
2016-03-17,7.45,-0.05,-0.66667
2016-03-16,7.5,0.03,0.40161
2016-03-15,7.47,0.04,0.53836
2016-03-14,7.43,-0.02,-0.26846
2016-03-13,7.45,0.02,0.26918
2016-03-10,7.43,0.04,0.54127
2016-03-09,7.39,-0.01,-0.13514
2016-03-08,7.4,0.07,0.95498
2016-03-07,7.33,-0.03,-0.40761
2016-03-06,7.36,-0.03,-0.40595
2016-03-03,7.39,0.01,0.1355
2016-03-02,7.38,-0.01,-0.13532
2016-03-01,7.39,0.05,0.6812
2016-02-29,7.34,0.03,0.4104
2016-02-25,7.31,-0.04,-0.54422
2016-02-24,7.35,0.02,0.27285
2016-02-23,7.33,-0.02,-0.27211
2016-02-22,7.35,-0.04,-0.54127
2016-02-21,7.39,0.04,0.54422
2016-02-18,7.35,-0.01,-0.13587
2016-02-17,7.36,0.04,0.54645
2016-02-16,7.32,0.0,0.0
2016-02-15,7.32,-0.01,-0.13643
2016-02-14,7.33,-0.09,-1.21294
2016-02-02,7.42,0.02,0.27027
2016-02-01,7.4,-0.03,-0.40377
2016-01-31,7.43,0.07,0.95109
2016-01-29,7.36,0.01,0.13605
2016-01-28,7.35,0.06,0.82305
2016-01-27,7.29,0.04,0.55172
2016-01-26,7.25,0.03,0.41551
2016-01-25,7.22,0.01,0.1387
2016-01-24,7.21,0.02,0.27816
2016-01-21,7.19,0.08,1.12518
2016-01-20,7.11,-0.04,-0.55944
2016-01-19,7.15,-0.13,-1.78571
2016-01-18,7.28,0.08,1.11111
2016-01-17,7.2,-0.01,-0.1387
2016-01-14,7.21,-0.04,-0.55172
2016-01-13,7.25,-0.04,-0.5487
2016-01-12,7.29,0.0,0.0
2016-01-11,7.29,0.02,0.2751
2016-01-10,7.27,-0.05,-0.68306
2016-01-07,7.32,-0.01,-0.13643
2016-01-06,7.33,-0.09,-1.21294
2016-01-05,7.42,0.02,0.27027
2016-01-04,7.4,0.0,0.0
2016-01-03,7.4,-0.14,-1.85676
2015-12-30,7.54,0.01,0.1328
2015-12-29,7.53,0.01,0.13298
2015-12-28,7.52,0.02,0.26667
2015-12-27,7.5,0.02,0.26738
2015-12-24,7.48,-0.01,-0.13351
2015-12-23,7.49,-0.02,-0.26631
2015-12-22,7.51,0.06,0.80537
2015-12-21,7.45,0.01,0.13441
2015-12-20,7.44,0.02,0.26954
2015-12-17,7.42,-0.01,-0.13459
2015-12-16,7.43,0.08,1.08844
2015-12-15,7.35,0.04,0.5472
2015-12-14,7.31,0.03,0.41209
2015-12-13,7.28,0.01,0.13755
2015-12-10,7.27,-0.11,-1.49051
2015-12-09,7.38,-0.05,-0.67295
2015-12-08,7.43,-0.03,-0.40214
2015-12-07,7.46,-0.06,-0.79787
2015-12-06,7.52,0.02,0.26667
2015-12-03,7.5,-0.01,-0.13316
2015-12-02,7.51,-0.05,-0.66138
2015-12-01,7.56,0.02,0.26525
2015-11-30,7.54,0.08,1.07239
2015-11-29,7.46,-0.05,-0.66578
2015-11-26,7.51,-0.04,-0.5298
2015-11-25,7.55,0.02,0.2656
2015-11-24,7.53,0.0,0.0
2015-11-23,7.53,-0.03,-0.39683
2015-11-22,7.56,-0.03,-0.39526
2015-11-19,7.59,0.02,0.2642
2015-11-18,7.57,0.06,0.79893
2015-11-17,7.51,0.0,0.0
2015-11-16,7.51,0.05,0.67024
2015-11-15,7.46,-0.03,-0.40053
2015-11-12,7.49,-0.04,-0.53121
2015-11-11,7.53,0.02,0.26631
2015-11-10,7.51,0.02,0.26702
2015-11-09,7.49,-0.03,-0.39894
2015-11-08,7.52,-0.08,-1.05263
2015-11-05,7.6,-0.02,-0.26247
2015-11-04,7.62,0.0,0.0
2015-11-03,7.62,0.03,0.39526
2015-11-02,7.59,0.01,0.13193
2015-11-01,7.58,-0.05,-0.65531
2015-10-29,7.63,-0.01,-0.13089
2015-10-28,7.64,-0.06,-0.77922
2015-10-27,7.7,-0.01,-0.1297
2015-10-26,7.71,-0.06,-0.7722
2015-10-25,7.77,0.03,0.3876
2015-10-22,7.74,0.03,0.38911
2015-10-21,7.71,0.02,0.26008
2015-10-20,7.69,0.01,0.13021
2015-10-19,7.68,0.02,0.2611
2015-10-18,7.66,-0.02,-0.26042
2015-10-15,7.68,0.02,0.2611
2015-10-14,7.66,0.05,0.65703
2015-10-13,7.61,-0.01,-0.13123
2015-10-12,7.62,0.0,0.0
2015-10-11,7.62,0.05,0.6605
2015-10-07,7.57,-0.05,-0.65617
2015-10-06,7.62,0.13,1.73565
2015-10-05,7.49,0.0,0.0
2015-10-04,7.49,0.08,1.07962
2015-10-01,7.41,0.07,0.95368
2015-09-30,7.34,0.0,0.0
2015-09-29,7.34,-0.05,-0.67659
2015-09-24,7.39,0.02,0.27137
2015-09-23,7.37,0.01,0.13587
2015-09-22,7.36,-0.04,-0.54054
2015-09-21,7.4,-0.03,-0.40377
2015-09-20,7.43,0.02,0.26991
2015-09-17,7.41,0.07,0.95368
2015-09-16,7.34,0.03,0.4104
2015-09-15,7.31,0.04,0.55021
2015-09-14,7.27,0.0,0.0
2015-09-13,7.27,-0.03,-0.41096
2015-09-10,7.3,-0.02,-0.27322
2015-09-09,7.32,-0.06,-0.81301
2015-09-08,7.38,0.1,1.37363
2015-09-07,7.28,0.07,0.97087
2015-09-03,7.21,-0.04,-0.55172
2015-09-02,7.25,0.04,0.55479
2015-09-01,7.21,0.01,0.13889
2015-08-31,7.2,-0.17,-2.30665
2015-08-30,7.37,-0.04,-0.53981
2015-08-27,7.41,0.02,0.27064
2015-08-26,7.39,0.22,3.06834
2015-08-25,7.17,0.03,0.42017
2015-08-24,7.14,-0.02,-0.27933
2015-08-23,7.16,-0.25,-3.37382
2015-08-20,7.41,-0.08,-1.06809
2015-08-19,7.49,-0.11,-1.44737
2015-08-18,7.6,-0.04,-0.52356
2015-08-17,7.64,-0.07,-0.90791
2015-08-16,7.71,0.0,0.0
2015-08-13,7.71,0.01,0.12987
2015-08-12,7.7,0.06,0.78534
2015-08-11,7.64,-0.07,-0.90791
2015-08-10,7.71,0.0,0.0
2015-08-09,7.71,0.03,0.39063
2015-08-06,7.68,-0.01,-0.13004
2015-08-05,7.69,-0.02,-0.2594
2015-08-04,7.71,0.01,0.12987
2015-08-03,7.7,-0.01,-0.1297
2015-08-02,7.71,-0.01,-0.12953
2015-07-30,7.72,0.08,1.04712
2015-07-29,7.64,0.0,0.0
2015-07-28,7.64,0.01,0.13106
2015-07-27,7.63,-0.02,-0.26144
2015-07-26,7.65,-0.1,-1.29032
2015-07-23,7.75,-0.03,-0.3856
2015-07-22,7.78,0.02,0.25773
2015-07-21,7.76,-0.02,-0.25707
2015-07-20,7.78,0.02,0.25773
2015-07-19,7.76,-0.01,-0.1287
2015-07-16,7.77,0.02,0.25806
2015-07-15,7.75,0.06,0.78023
2015-07-14,7.69,-0.03,-0.3886
2015-07-13,7.72,0.01,0.1297
2015-07-12,7.71,0.16,2.11921
2015-07-08,7.55,0.17,2.30352
2015-07-07,7.38,-0.11,-1.46862
2015-07-06,7.49,-0.04,-0.53121
2015-07-05,7.53,-0.17,-2.20779
2015-07-01,7.7,0.01,0.13004
2015-06-30,7.69,0.04,0.52288
2015-06-29,7.65,0.01,0.13089
2015-06-28,7.64,-0.11,-1.41935
2015-06-25,7.75,-0.03,-0.3856
2015-06-24,7.78,-0.04,-0.51151
2015-06-23,7.82,0.01,0.12804
2015-06-22,7.81,0.04,0.5148
2015-06-21,7.77,0.01,0.12887
2015-06-17,7.76,-0.02,-0.25707
2015-06-16,7.78,0.03,0.3871
2015-06-15,7.75,0.0,0.0
2015-06-14,7.75,-0.06,-0.76825
2015-06-11,7.81,-0.03,-0.38265
2015-06-10,7.84,0.02,0.25575
2015-06-09,7.82,0.02,0.25641
2015-06-08,7.8,-0.01,-0.12804
2015-06-07,7.81,-0.02,-0.25543
2015-06-04,7.83,-0.06,-0.76046
2015-06-03,7.89,-0.02,-0.25284
2015-06-02,7.91,-0.03,-0.37783
2015-06-01,7.94,-0.03,-0.37641
2015-05-31,7.97,0.0,0.0
2015-05-28,7.97,0.0,0.0
2015-05-27,7.97,0.01,0.12563
2015-05-26,7.96,0.07,0.8872
2015-05-25,7.89,-0.08,-1.00376
2015-05-21,7.97,-0.01,-0.12531
2015-05-20,7.98,0.0,0.0
2015-05-19,7.98,0.02,0.25126
2015-05-18,7.96,0.02,0.25189
2015-05-17,7.94,0.01,0.1261
2015-05-14,7.93,0.02,0.25284
2015-05-13,7.91,0.05,0.63613
2015-05-12,7.86,-0.03,-0.38023
2015-05-11,7.89,-0.01,-0.12658
2015-05-10,7.9,-0.03,-0.37831
2015-05-07,7.93,0.11,1.40665
2015-05-06,7.82,0.04,0.51414
2015-05-05,7.78,0.0,0.0
2015-05-04,7.78,-0.17,-2.13836
2015-05-03,7.95,0.04,0.50569
2015-04-29,7.91,-0.02,-0.25221
2015-04-28,7.93,-0.08,-0.99875
2015-04-27,8.01,0.02,0.25031
2015-04-26,7.99,-0.08,-0.99133
2015-04-23,8.07,0.1,1.25471
2015-04-22,7.97,0.02,0.25157
2015-04-21,7.95,0.0,0.0
2015-04-20,7.95,-0.04,-0.50063
2015-04-19,7.99,0.05,0.62972
2015-04-16,7.94,-0.04,-0.50125
2015-04-15,7.98,-0.04,-0.49875
2015-04-14,8.02,0.03,0.37547
2015-04-13,7.99,0.01,0.12531
2015-04-12,7.98,-0.02,-0.25
2015-04-09,8.0,0.01,0.12516
2015-04-08,7.99,-0.01,-0.125
2015-04-07,8.0,-0.02,-0.24938
2015-04-06,8.02,0.06,0.75377
2015-04-01,7.96,0.02,0.25189
2015-03-31,7.94,0.01,0.1261
2015-03-30,7.93,-0.04,-0.50188
2015-03-29,7.97,0.06,0.75853
2015-03-26,7.91,-0.02,-0.25221
2015-03-25,7.93,-0.06,-0.75094
2015-03-24,7.99,-0.05,-0.62189
2015-03-23,8.04,-0.05,-0.61805
2015-03-22,8.09,0.0,0.0
2015-03-19,8.09,0.07,0.87282
2015-03-18,8.02,-0.04,-0.49628
2015-03-17,8.06,0.14,1.76768
2015-03-16,7.92,0.02,0.25316
2015-03-15,7.9,0.06,0.76531
2015-03-12,7.84,-0.04,-0.50761
2015-03-11,7.88,0.05,0.63857
2015-03-10,7.83,0.02,0.25608
2015-03-09,7.81,-0.04,-0.50955
2015-03-08,7.85,-0.01,-0.12723
2015-03-05,7.86,-0.16,-1.99501
2015-03-04,8.02,0.04,0.50125
2015-03-03,7.98,-0.05,-0.62267
2015-03-02,8.03,-0.01,-0.12438
2015-03-01,8.04,-0.08,-0.98522
2015-02-25,8.12,-0.05,-0.612
2015-02-24,8.17,-0.09,-1.08959
2015-02-23,8.26,0.22,2.73632
2015-02-12,8.04,-0.08,-0.98522
2015-02-11,8.12,0.01,0.1233
2015-02-10,8.11,-0.08,-0.9768
2015-02-09,8.19,0.1,1.23609
2015-02-08,8.09,-0.08,-0.97919
2015-02-05,8.17,-0.19,-2.27273
2015-02-04,8.36,0.02,0.23981
2015-02-03,8.34,-0.07,-0.83234
2015-02-02,8.41,0.01,0.11905
2015-02-01,8.4,0.04,0.47847
2015-01-29,8.36,-0.12,-1.41509
2015-01-28,8.48,0.1,1.19332
2015-01-27,8.38,-0.02,-0.2381
2015-01-26,8.4,0.01,0.11919
2015-01-25,8.39,-0.01,-0.11905
2015-01-22,8.4,-0.02,-0.23753
2015-01-21,8.42,0.02,0.2381
2015-01-20,8.4,0.03,0.35842
2015-01-19,8.37,0.03,0.35971
2015-01-15,8.34,0.03,0.36101
2015-01-14,8.31,0.05,0.60533
2015-01-13,8.26,-0.04,-0.48193
2015-01-12,8.3,0.05,0.60606
2015-01-11,8.25,-0.04,-0.48251
2015-01-08,8.29,-0.09,-1.07399
2015-01-07,8.38,0.09,1.08565
2015-01-06,8.29,0.04,0.48485
2015-01-05,8.25,-0.05,-0.60241
2015-01-04,8.3,-0.1,-1.19048
2014-12-30,8.4,-0.09,-1.06007
2014-12-29,8.49,-0.15,-1.73611
2014-12-28,8.64,0.06,0.6993
2014-12-25,8.58,0.04,0.46838
2014-12-23,8.54,0.09,1.06509
2014-12-22,8.45,0.07,0.83532
2014-12-21,8.38,0.05,0.60024
2014-12-18,8.33,0.01,0.12019
2014-12-17,8.32,0.16,1.96078
2014-12-16,8.16,0.1,1.24069
2014-12-15,8.06,0.03,0.3736
2014-12-14,8.03,-0.11,-1.35135
2014-12-11,8.14,-0.1,-1.21359
2014-12-10,8.24,0.04,0.4878
2014-12-09,8.2,-0.09,-1.08565
2014-12-08,8.29,-0.02,-0.24067
2014-12-07,8.31,-0.01,-0.12019
2014-12-04,8.32,0.03,0.36188
2014-12-03,8.29,-0.03,-0.36058
2014-12-02,8.32,0.0,0.0
2014-12-01,8.32,0.03,0.36188
2014-11-30,8.29,0.0,0.0
2014-11-27,8.29,0.06,0.72904
2014-11-25,8.23,0.04,0.4884
2014-11-24,8.19,0.01,0.12225
2014-11-23,8.18,-0.04,-0.48662
2014-11-20,8.22,0.06,0.73529
2014-11-19,8.16,-0.01,-0.1224
2014-11-18,8.17,0.03,0.36855
2014-11-17,8.14,0.05,0.61805
2014-11-16,8.09,0.05,0.62189
2014-11-13,8.04,-0.02,-0.24814
2014-11-12,8.06,-0.05,-0.61652
2014-11-11,8.11,-0.11,-1.3382
2014-11-10,8.22,0.03,0.3663
2014-11-09,8.19,0.04,0.4908
2014-11-06,8.15,0.04,0.49322
2014-11-05,8.11,-0.08,-0.9768
2014-11-04,8.19,0.16,1.99253
2014-11-03,8.03,-0.03,-0.37221
2014-11-02,8.06,-0.05,-0.61652
2014-10-30,8.11,0.08,0.99626
2014-10-29,8.03,0.08,1.00629
2014-10-28,7.95,-0.03,-0.37594
2014-10-27,7.98,0.1,1.26904
2014-10-26,7.88,-0.01,-0.12674
2014-10-23,7.89,0.03,0.38168
2014-10-22,7.86,0.04,0.51151
2014-10-21,7.82,0.02,0.25641
2014-10-20,7.8,0.07,0.90556
2014-10-19,7.73,0.06,0.78227
2014-10-16,7.67,0.09,1.18734
2014-10-15,7.58,-0.01,-0.13175
2014-10-14,7.59,-0.15,-1.93798
2014-10-13,7.74,0.02,0.25907
2014-10-12,7.72,-0.06,-0.77121
2014-10-08,7.78,-0.09,-1.14358
2014-10-07,7.87,0.1,1.287
2014-10-06,7.77,-0.03,-0.38462
2014-10-05,7.8,-0.02,-0.25575
2014-10-02,7.82,0.06,0.7732
2014-10-01,7.76,-0.08,-1.02041
2014-09-30,7.84,0.0,0.0
2014-09-29,7.84,0.01,0.12771
2014-09-28,7.83,0.05,0.64267
2014-09-25,7.78,0.03,0.3871
2014-09-24,7.75,-0.05,-0.64103
2014-09-23,7.8,0.01,0.12837
2014-09-22,7.79,-0.05,-0.63776
2014-09-21,7.84,-0.05,-0.63371
2014-09-18,7.89,0.03,0.38168
2014-09-17,7.86,0.01,0.12739
2014-09-16,7.85,0.0,0.0
2014-09-15,7.85,0.03,0.38363
2014-09-14,7.82,0.01,0.12804
2014-09-11,7.81,-0.1,-1.26422
2014-09-10,7.91,0.04,0.50826
2014-09-09,7.87,0.0,0.0
2014-09-08,7.87,-0.13,-1.625
2014-09-04,8.0,0.05,0.62893
2014-09-03,7.95,0.02,0.25221
2014-09-02,7.93,0.04,0.50697
2014-09-01,7.89,-0.03,-0.37879
2014-08-28,7.92,0.04,0.50761
2014-08-27,7.88,0.01,0.12706
2014-08-26,7.87,0.02,0.25478
2014-08-25,7.85,-0.02,-0.25413
2014-08-24,7.87,0.04,0.51086
2014-08-21,7.83,-0.03,-0.38168
2014-08-20,7.86,0.03,0.38314
2014-08-19,7.83,0.02,0.25608
2014-08-18,7.81,0.04,0.5148
2014-08-17,7.77,0.02,0.25806
2014-08-14,7.75,0.02,0.25873
2014-08-13,7.73,0.05,0.65104
2014-08-12,7.68,0.05,0.65531
2014-08-11,7.63,-0.01,-0.13089
2014-08-10,7.64,0.03,0.39422
2014-08-07,7.61,0.06,0.7947
2014-08-06,7.55,0.01,0.13263
2014-08-05,7.54,-0.09,-1.17955
2014-08-04,7.63,-0.08,-1.03761
2014-08-03,7.71,0.0,0.0
2014-07-31,7.71,-0.03,-0.3876
2014-07-30,7.74,-0.11,-1.40127
2014-07-29,7.85,-0.1,-1.25786
2014-07-28,7.95,-0.03,-0.37594
2014-07-27,7.98,0.05,0.63052
2014-07-24,7.93,-0.06,-0.75094
2014-07-23,7.99,0.02,0.25094
2014-07-21,7.97,0.04,0.50441
2014-07-20,7.93,-0.01,-0.12594
2014-07-17,7.94,0.06,0.76142
2014-07-16,7.88,-0.09,-1.12923
2014-07-15,7.97,0.04,0.50441
2014-07-14,7.93,0.02,0.25284
2014-07-13,7.91,-0.03,-0.37783
2014-07-10,7.94,0.01,0.1261
2014-07-09,7.93,-0.01,-0.12594
2014-07-08,7.94,-0.02,-0.25126
2014-07-07,7.96,0.0,0.0
2014-07-06,7.96,-0.02,-0.25063
2014-07-02,7.98,-0.04,-0.49875
2014-07-01,8.02,-0.05,-0.61958
2014-06-30,8.07,-0.01,-0.12376
2014-06-29,8.08,0.02,0.24814
2014-06-26,8.06,0.0,0.0
2014-06-25,8.06,0.02,0.24876
2014-06-24,8.04,-0.03,-0.37175
2014-06-23,8.07,0.02,0.24845
2014-06-22,8.05,-0.04,-0.49444
2014-06-19,8.09,-0.02,-0.24661
2014-06-18,8.11,0.05,0.62035
2014-06-17,8.06,0.09,1.12923
2014-06-16,7.97,0.02,0.25157
2014-06-15,7.95,0.02,0.25221
2014-06-12,7.93,0.04,0.50697
2014-06-11,7.89,0.01,0.1269
2014-06-10,7.88,-0.06,-0.75567
2014-06-09,7.94,-0.02,-0.25126
2014-06-08,7.96,-0.02,-0.25063
2014-06-05,7.98,0.03,0.37736
2014-06-04,7.95,0.07,0.88832
2014-06-03,7.88,0.0,0.0
2014-06-02,7.88,0.01,0.12706
2014-05-29,7.87,0.03,0.38265
2014-05-28,7.84,-0.02,-0.25445
2014-05-27,7.86,-0.01,-0.12706
2014-05-26,7.87,0.06,0.76825
2014-05-22,7.81,0.01,0.12821
2014-05-21,7.8,0.0,0.0
2014-05-20,7.8,0.02,0.25707
2014-05-19,7.78,0.02,0.25773
2014-05-18,7.76,-0.05,-0.6402
2014-05-15,7.81,0.03,0.3856
2014-05-14,7.78,-0.06,-0.76531
2014-05-13,7.84,0.01,0.12771
2014-05-12,7.83,0.0,0.0
2014-05-11,7.83,-0.02,-0.25478
2014-05-08,7.85,-0.05,-0.63291
2014-05-07,7.9,-0.02,-0.25253
2014-05-06,7.92,0.07,0.89172
2014-05-05,7.85,-0.02,-0.25413
2014-05-04,7.87,0.02,0.25478
2014-05-01,7.85,-0.04,-0.50697
2014-04-29,7.89,0.01,0.1269
2014-04-28,7.88,0.0,0.0
2014-04-27,7.88,0.0,0.0
2014-04-24,7.88,0.02,0.25445
2014-04-23,7.86,0.01,0.12739
2014-04-22,7.85,-0.01,-0.12723
2014-04-21,7.86,0.02,0.2551
2014-04-20,7.84,0.01,0.12771
2014-04-16,7.83,-0.03,-0.38168
2014-04-15,7.86,0.08,1.02828
2014-04-14,7.78,0.03,0.3871
2014-04-13,7.75,0.04,0.51881
2014-04-10,7.71,-0.03,-0.3876
2014-04-09,7.74,-0.06,-0.76923
2014-04-08,7.8,0.0,0.0
2014-04-07,7.8,0.03,0.3861
2014-04-06,7.77,-0.06,-0.76628
2014-04-02,7.83,-0.01,-0.12755
2014-04-01,7.84,-0.04,-0.50761
2014-03-31,7.88,0.0,0.0
2014-03-30,7.88,0.02,0.25445
2014-03-27,7.86,0.03,0.38314
2014-03-26,7.83,0.03,0.38462
2014-03-25,7.8,-0.01,-0.12804
2014-03-24,7.81,0.03,0.3856
2014-03-23,7.78,-0.02,-0.25641
2014-03-20,7.8,0.01,0.12837
2014-03-19,7.79,0.03,0.3866
2014-03-18,7.76,-0.05,-0.6402
2014-03-17,7.81,0.03,0.3856
2014-03-16,7.78,0.05,0.64683
2014-03-13,7.73,0.0,0.0
2014-03-12,7.73,0.03,0.38961
2014-03-11,7.7,0.06,0.78534
2014-03-10,7.64,-0.01,-0.13072
2014-03-09,7.65,0.0,0.0
2014-03-06,7.65,0.02,0.26212
2014-03-05,7.63,-0.02,-0.26144
2014-03-04,7.65,-0.04,-0.52016
2014-03-03,7.69,0.08,1.05125
2014-03-02,7.61,-0.02,-0.26212
2014-02-26,7.63,0.02,0.26281
2014-02-25,7.61,-0.07,-0.91146
2014-02-24,7.68,-0.01,-0.13004
2014-02-23,7.69,0.01,0.13021
2014-02-20,7.68,0.01,0.13038
2014-02-19,7.67,0.06,0.78844
2014-02-18,7.61,-0.01,-0.13123
2014-02-17,7.62,0.02,0.26316
2014-02-13,7.6,0.05,0.66225
2014-02-12,7.55,0.07,0.93583
2014-02-11,7.48,-0.02,-0.26667
2014-02-10,7.5,0.07,0.94213
2014-02-09,7.43,0.04,0.54127
2014-02-06,7.39,0.05,0.6812
2014-02-05,7.34,0.04,0.54795
2014-02-04,7.3,-0.01,-0.1368
2014-01-26,7.31,0.01,0.13699
2014-01-23,7.3,-0.07,-0.9498
2014-01-22,7.37,-0.01,-0.1355
2014-01-21,7.38,0.02,0.27174
2014-01-20,7.36,0.06,0.82192
2014-01-16,7.3,0.0,0.0
2014-01-15,7.3,0.02,0.27473
2014-01-14,7.28,0.03,0.41379
2014-01-13,7.25,0.01,0.13812
2014-01-12,7.24,-0.05,-0.68587
2014-01-09,7.29,0.06,0.82988
2014-01-08,7.23,0.04,0.55633
2014-01-07,7.19,-0.04,-0.55325
2014-01-06,7.23,0.08,1.11888
2014-01-05,7.15,0.03,0.42135
2014-01-02,7.12,0.02,0.28169
2014-01-01,7.1,-0.09,-1.25174
2013-12-30,7.19,0.01,0.13928
2013-12-29,7.18,0.01,0.13947
2013-12-26,7.17,0.02,0.27972
2013-12-25,7.15,-0.01,-0.13966
2013-12-23,7.16,0.03,0.42076
2013-12-22,7.13,0.01,0.14045
2013-12-19,7.12,0.04,0.56497
2013-12-18,7.08,0.03,0.42553
2013-12-17,7.05,0.08,1.14778
2013-12-16,6.97,-0.01,-0.14327
2013-12-15,6.98,0.04,0.57637
2013-12-12,6.94,-0.01,-0.14388
2013-12-11,6.95,0.01,0.14409
2013-12-10,6.94,-0.05,-0.71531
2013-12-09,6.99,-0.03,-0.42735
2013-12-08,7.02,-0.02,-0.28409
2013-12-05,7.04,0.06,0.8596
2013-12-04,6.98,-0.05,-0.71124
2013-12-03,7.03,0.01,0.14245
2013-12-02,7.02,0.0,0.0
2013-12-01,7.02,-0.05,-0.70721
2013-11-28,7.07,0.0,0.0
2013-11-26,7.07,0.0,0.0
2013-11-25,7.07,-0.07,-0.98039
2013-11-24,7.14,-0.01,-0.13986
2013-11-21,7.15,0.02,0.2805
2013-11-20,7.13,0.02,0.28129
2013-11-19,7.11,-0.05,-0.69832
2013-11-18,7.16,-0.06,-0.83102
2013-11-17,7.22,0.0,0.0
2013-11-14,7.22,0.03,0.41725
2013-11-13,7.19,0.05,0.70028
2013-11-12,7.14,0.03,0.42194
2013-11-11,7.11,-0.04,-0.55944
2013-11-10,7.15,0.03,0.42135
2013-11-07,7.12,0.01,0.14065
2013-11-06,7.11,-0.07,-0.97493
2013-11-05,7.18,0.08,1.12676
2013-11-04,7.1,-0.04,-0.56022
2013-11-03,7.14,0.02,0.2809
2013-10-31,7.12,0.01,0.14065
2013-10-30,7.11,-0.03,-0.42017
2013-10-29,7.14,-0.04,-0.5571
2013-10-28,7.18,0.03,0.41958
2013-10-27,7.15,-0.01,-0.13966
2013-10-24,7.16,0.04,0.5618
2013-10-23,7.12,0.02,0.28169
2013-10-22,7.1,-0.03,-0.42076
2013-10-21,7.13,0.02,0.28129
2013-10-20,7.11,0.0,0.0
2013-10-17,7.11,0.03,0.42373
2013-10-16,7.08,0.07,0.99857
2013-10-15,7.01,0.05,0.71839
2013-10-14,6.96,-0.04,-0.57143
2013-10-13,7.0,-0.01,-0.14265
2013-10-10,7.01,0.11,1.5942
2013-10-08,6.9,0.03,0.43668
2013-10-07,6.87,-0.01,-0.14535
2013-10-06,6.88,-0.04,-0.57803
2013-10-03,6.92,0.02,0.28986
2013-10-02,6.9,-0.06,-0.86207
2013-10-01,6.96,0.0,0.0
2013-09-30,6.96,0.03,0.4329
2013-09-29,6.93,-0.01,-0.14409
2013-09-26,6.94,-0.02,-0.28736
2013-09-25,6.96,0.02,0.28818
2013-09-24,6.94,-0.03,-0.43042
2013-09-23,6.97,0.0,0.0
2013-09-22,6.97,-0.04,-0.57061
2013-09-17,7.01,0.1,1.44718
2013-09-16,6.91,0.03,0.43605
2013-09-15,6.88,0.01,0.14556
2013-09-13,6.87,0.0,0.0
2013-09-12,6.87,0.04,0.58565
2013-09-11,6.83,-0.01,-0.1462
2013-09-10,6.84,0.02,0.29326
2013-09-09,6.82,0.03,0.44183
2013-09-08,6.79,0.01,0.14749
2013-09-05,6.78,0.01,0.14771
2013-09-04,6.77,0.02,0.2963
2013-09-03,6.75,0.0,0.0
2013-09-02,6.75,-0.02,-0.29542
2013-09-01,6.77,0.0,0.0
2013-08-29,6.77,-0.02,-0.29455
2013-08-28,6.79,-0.04,-0.58565
2013-08-27,6.83,0.0,0.0
2013-08-26,6.83,0.0,0.0
2013-08-25,6.83,-0.04,-0.58224
2013-08-22,6.87,0.0,0.0
2013-08-21,6.87,-0.02,-0.29028
2013-08-19,6.89,0.01,0.14535
2013-08-18,6.88,-0.04,-0.57803
2013-08-15,6.92,-0.04,-0.57471
2013-08-14,6.96,-0.08,-1.13636
2013-08-13,7.04,-0.02,-0.28329
2013-08-12,7.06,-0.01,-0.14144
2013-08-11,7.07,-0.02,-0.28209
2013-08-08,7.09,-0.03,-0.42135
2013-08-07,7.12,0.01,0.14065
2013-08-06,7.11,0.0,0.0
2013-08-05,7.11,-0.02,-0.2805
2013-08-04,7.13,-0.08,-1.10957
2013-08-01,7.21,0.01,0.13889
2013-07-31,7.2,0.08,1.1236
2013-07-30,7.12,-0.02,-0.28011
2013-07-29,7.14,0.07,0.9901
2013-07-28,7.07,-0.03,-0.42254
2013-07-25,7.1,0.02,0.28249
2013-07-24,7.08,-0.01,-0.14104
2013-07-23,7.09,-0.05,-0.70028
2013-07-22,7.14,0.02,0.2809
2013-07-21,7.12,-0.01,-0.14025
2013-07-18,7.13,0.0,0.0
2013-07-17,7.13,0.07,0.9915
2013-07-16,7.06,0.02,0.28409
2013-07-15,7.04,-0.03,-0.42433
2013-07-14,7.07,0.06,0.85592
2013-07-11,7.01,0.0,0.0
2013-07-10,7.01,0.05,0.71839
2013-07-09,6.96,0.0,0.0
2013-07-08,6.96,0.03,0.4329
2013-07-07,6.93,0.07,1.02041
2013-07-04,6.86,-0.02,-0.2907
2013-07-03,6.88,0.03,0.43796
2013-07-02,6.85,0.0,0.0
2013-07-01,6.85,0.02,0.29283
2013-06-30,6.83,-0.06,-0.87083
2013-06-27,6.89,0.01,0.14535
2013-06-26,6.88,0.04,0.5848
2013-06-25,6.84,0.07,1.03397
2013-06-24,6.77,0.02,0.2963
2013-06-23,6.75,-0.02,-0.29542
2013-06-20,6.77,0.05,0.74405
2013-06-19,6.72,-0.17,-2.46734
2013-06-18,6.89,-0.1,-1.43062
2013-06-17,6.99,0.05,0.72046
2013-06-16,6.94,0.06,0.87209
2013-06-13,6.88,-0.02,-0.28986
2013-06-12,6.9,0.05,0.72993
2013-06-10,6.85,-0.05,-0.72464
2013-06-09,6.9,0.04,0.58309
2013-06-06,6.86,0.09,1.32939
2013-06-05,6.77,-0.02,-0.29455
2013-06-04,6.79,-0.17,-2.44253
2013-06-03,6.96,0.01,0.14388
2013-06-02,6.95,-0.01,-0.14368
2013-05-30,6.96,-0.08,-1.13636
2013-05-29,7.04,-0.05,-0.70522
2013-05-28,7.09,0.01,0.14124
2013-05-27,7.08,-0.09,-1.25523
2013-05-23,7.17,0.05,0.70225
2013-05-22,7.12,-0.22,-2.99728
2013-05-21,7.34,-0.09,-1.21131
2013-05-20,7.43,-0.02,-0.26846
2013-05-19,7.45,0.1,1.36054
2013-05-16,7.35,0.02,0.27285
2013-05-15,7.33,-0.01,-0.13624
2013-05-14,7.34,0.03,0.4104
2013-05-13,7.31,0.11,1.52778
2013-05-12,7.2,0.01,0.13908
2013-05-09,7.19,0.07,0.98315
2013-05-08,7.12,-0.05,-0.69735
2013-05-07,7.17,-0.01,-0.13928
2013-05-06,7.18,0.03,0.41958
2013-05-05,7.15,-0.04,-0.55633
2013-05-02,7.19,0.0,0.0
2013-05-01,7.19,-0.02,-0.27739
2013-04-29,7.21,0.01,0.13889
2013-04-28,7.2,0.03,0.41841
2013-04-25,7.17,0.0,0.0
2013-04-24,7.17,-0.02,-0.27816
2013-04-23,7.19,0.01,0.13928
2013-04-22,7.18,0.04,0.56022
2013-04-21,7.14,0.0,0.0
2013-04-18,7.14,0.05,0.70522
2013-04-17,7.09,-0.03,-0.42135
2013-04-16,7.12,-0.03,-0.41958
2013-04-15,7.15,0.0,0.0
2013-04-14,7.15,-0.04,-0.55633
2013-04-11,7.19,0.07,0.98315
2013-04-10,7.12,0.02,0.28169
2013-04-09,7.1,0.08,1.1396
2013-04-08,7.02,-0.01,-0.14225
2013-04-07,7.03,0.12,1.73661
2013-04-02,6.91,-0.02,-0.2886
2013-04-01,6.93,0.04,0.58055
2013-03-31,6.89,-0.01,-0.14493
2013-03-27,6.9,0.06,0.87719
2013-03-26,6.84,0.02,0.29326
2013-03-25,6.82,0.04,0.58997
2013-03-24,6.78,-0.02,-0.29412
2013-03-21,6.8,0.04,0.59172
2013-03-20,6.76,0.0,0.0
2013-03-19,6.76,0.03,0.44577
2013-03-18,6.73,0.02,0.29806
2013-03-17,6.71,-0.04,-0.59259
2013-03-14,6.75,0.03,0.44643
2013-03-13,6.72,0.02,0.29851
2013-03-12,6.7,0.01,0.14948
2013-03-11,6.69,-0.03,-0.44643
2013-03-10,6.72,0.0,0.0
2013-03-07,6.72,0.03,0.44843
2013-03-06,6.69,-0.01,-0.14925
2013-03-05,6.7,-0.02,-0.29762
2013-03-04,6.72,0.03,0.44843
2013-03-03,6.69,0.05,0.75301
2013-02-28,6.64,0.03,0.45386
2013-02-26,6.61,0.04,0.60883
2013-02-25,6.57,-0.03,-0.45455
2013-02-24,6.6,-0.03,-0.45249
2013-02-21,6.63,0.06,0.91324
2013-02-20,6.57,-0.07,-1.05422
2013-02-19,6.64,-0.01,-0.15038
2013-02-18,6.65,0.04,0.60514
2013-02-05,6.61,0.0,0.0
2013-02-04,6.61,0.0,0.0
2013-02-03,6.61,-0.09,-1.34328
2013-01-31,6.7,0.03,0.44978
2013-01-30,6.67,0.0,0.0
2013-01-29,6.67,-0.01,-0.1497
2013-01-28,6.68,0.06,0.90634
2013-01-27,6.62,0.04,0.6079
2013-01-24,6.58,0.04,0.61162
2013-01-23,6.54,0.02,0.30675
2013-01-22,6.52,-0.02,-0.30581
2013-01-21,6.54,0.02,0.30675
2013-01-17,6.52,0.02,0.30769
2013-01-16,6.5,0.02,0.30864
2013-01-15,6.48,-0.03,-0.46083
2013-01-14,6.51,0.0,0.0
2013-01-13,6.51,0.0,0.0
2013-01-10,6.51,0.01,0.15385
2013-01-09,6.5,0.0,0.0
2013-01-08,6.5,-0.01,-0.15361
2013-01-07,6.51,0.0,0.0
2013-01-06,6.51,-0.06,-0.91324
2013-01-03,6.57,0.04,0.61256
2013-01-02,6.53,-0.02,-0.30534
2013-01-01,6.55,0.14,2.18409
2012-12-27,6.41,-0.06,-0.92736
2012-12-26,6.47,0.0,0.0
2012-12-25,6.47,-0.03,-0.46154
2012-12-23,6.5,-0.01,-0.15361
2012-12-20,6.51,-0.03,-0.45872
2012-12-19,6.54,0.01,0.15314
2012-12-18,6.53,0.0,0.0
2012-12-17,6.53,0.02,0.30722
2012-12-16,6.51,0.08,1.24417
2012-12-13,6.43,0.0,0.0
2012-12-12,6.43,-0.03,-0.4644
2012-12-11,6.46,0.01,0.15504
2012-12-10,6.45,0.03,0.46729
2012-12-09,6.42,-0.02,-0.31056
2012-12-06,6.44,0.0,0.0
2012-12-05,6.44,-0.04,-0.61728
2012-12-04,6.48,0.05,0.7776
2012-12-03,6.43,-0.01,-0.15528
2012-12-02,6.44,-0.02,-0.3096
2012-11-29,6.46,0.02,0.31056
2012-11-28,6.44,0.06,0.94044
2012-11-27,6.38,0.01,0.15699
2012-11-26,6.37,0.0,0.0
2012-11-25,6.37,0.04,0.63191
2012-11-22,6.33,0.03,0.47619
2012-11-20,6.3,0.01,0.15898
2012-11-19,6.29,-0.02,-0.31696
2012-11-18,6.31,0.04,0.63796
2012-11-15,6.27,0.04,0.64205
2012-11-14,6.23,-0.02,-0.32
2012-11-13,6.25,-0.04,-0.63593
2012-11-12,6.29,0.0,0.0
2012-11-11,6.29,-0.06,-0.94488
2012-11-08,6.35,-0.05,-0.78125
2012-11-07,6.4,-0.04,-0.62112
2012-11-06,6.44,-0.1,-1.52905
2012-11-05,6.54,0.02,0.30675
2012-11-04,6.52,-0.08,-1.21212
2012-11-01,6.6,-0.03,-0.45249
2012-10-31,6.63,0.01,0.15106
2012-10-30,6.62,0.02,0.30303
2012-10-25,6.6,-0.01,-0.15129
2012-10-24,6.61,0.01,0.15152
2012-10-23,6.6,-0.05,-0.75188
2012-10-22,6.65,-0.09,-1.33531
2012-10-21,6.74,-0.03,-0.44313
2012-10-18,6.77,-0.03,-0.44118
2012-10-17,6.8,0.02,0.29499
2012-10-16,6.78,0.06,0.89286
2012-10-15,6.72,0.04,0.5988
2012-10-14,6.68,0.03,0.45113
2012-10-11,6.65,-0.03,-0.4491
2012-10-10,6.68,0.01,0.14993
2012-10-08,6.67,-0.06,-0.89153
2012-10-07,6.73,-0.03,-0.44379
2012-10-04,6.76,0.02,0.29674
2012-10-03,6.74,0.0,0.0
2012-10-02,6.74,0.03,0.44709
2012-10-01,6.71,0.01,0.14925
2012-09-30,6.7,0.03,0.44978
2012-09-27,6.67,-0.03,-0.44776
2012-09-26,6.7,-0.01,-0.14903
2012-09-25,6.71,-0.02,-0.29718
2012-09-24,6.73,-0.02,-0.2963
2012-09-23,6.75,0.04,0.59613
2012-09-20,6.71,0.01,0.14925
2012-09-19,6.7,-0.01,-0.14903
2012-09-18,6.71,0.01,0.14925
2012-09-17,6.7,-0.01,-0.14903
2012-09-16,6.71,-0.05,-0.73964
2012-09-13,6.76,-0.04,-0.58824
2012-09-12,6.8,0.06,0.89021
2012-09-11,6.74,0.01,0.14859
2012-09-10,6.73,0.0,0.0
2012-09-09,6.73,-0.01,-0.14837
2012-09-06,6.74,0.01,0.14859
2012-09-05,6.73,0.08,1.20301
2012-09-04,6.65,-0.03,-0.4491
2012-09-03,6.68,0.02,0.3003
2012-08-30,6.66,0.0,0.0
2012-08-29,6.66,-0.02,-0.2994
2012-08-28,6.68,0.0,0.0
2012-08-27,6.68,-0.03,-0.44709
2012-08-26,6.71,0.0,0.0
2012-08-23,6.71,0.04,0.5997
2012-08-22,6.67,-0.05,-0.74405
2012-08-21,6.72,0.0,0.0
2012-08-20,6.72,-0.02,-0.29674
2012-08-19,6.74,0.0,0.0
2012-08-16,6.74,0.01,0.14859
2012-08-15,6.73,0.02,0.29806
2012-08-14,6.71,-0.02,-0.29718
2012-08-13,6.73,0.03,0.44776
2012-08-12,6.7,0.0,0.0
2012-08-09,6.7,-0.01,-0.14903
2012-08-08,6.71,-0.02,-0.29718
2012-08-07,6.73,0.0,0.0
2012-08-06,6.73,0.02,0.29806
2012-08-05,6.71,0.01,0.14925
2012-08-02,6.7,0.02,0.2994
2012-07-31,6.68,-0.02,-0.29851
2012-07-30,6.7,-0.05,-0.74074
2012-07-29,6.75,0.03,0.44643
2012-07-26,6.72,0.1,1.51057
2012-07-25,6.62,0.11,1.68971
2012-07-24,6.51,0.01,0.15385
2012-07-23,6.5,-0.07,-1.06545
2012-07-22,6.57,-0.08,-1.20301
2012-07-19,6.65,-0.07,-1.04167
2012-07-18,6.72,0.0,0.0
2012-07-17,6.72,0.02,0.29851
2012-07-16,6.7,0.01,0.14948
2012-07-15,6.69,0.01,0.1497
2012-07-12,6.68,0.06,0.90634
2012-07-11,6.62,-0.03,-0.45113
2012-07-10,6.65,0.03,0.45317
2012-07-09,6.62,0.01,0.15129
2012-07-08,6.61,-0.02,-0.30166
2012-07-05,6.63,-0.05,-0.7485
2012-07-04,6.68,-0.05,-0.74294
2012-07-02,6.73,0.05,0.7485
2012-07-01,6.68,0.05,0.75415
2012-06-28,6.63,0.12,1.84332
2012-06-27,6.51,0.02,0.30817
2012-06-26,6.49,0.08,1.24805
2012-06-25,6.41,0.03,0.47022
2012-06-24,6.38,-0.07,-1.08527
2012-06-21,6.45,-0.03,-0.46296
2012-06-20,6.48,-0.13,-1.96672
2012-06-19,6.61,0.01,0.15152
2012-06-18,6.6,0.07,1.07198
2012-06-17,6.53,-0.03,-0.45732
2012-06-14,6.56,0.08,1.23457
2012-06-13,6.48,0.03,0.46512
2012-06-12,6.45,-0.01,-0.1548
2012-06-11,6.46,0.03,0.46656
2012-06-10,6.43,-0.01,-0.15528
2012-06-07,6.44,-0.01,-0.15504
2012-06-06,6.45,0.01,0.15528
2012-06-05,6.44,0.1,1.57729
2012-06-04,6.34,0.02,0.31646
2012-06-03,6.32,0.01,0.15848
2012-05-31,6.31,-0.08,-1.25196
2012-05-30,6.39,0.0,0.0
2012-05-29,6.39,-0.12,-1.84332
2012-05-28,6.51,0.04,0.61824
2012-05-24,6.47,0.02,0.31008
2012-05-23,6.45,0.03,0.46729
2012-05-22,6.42,-0.05,-0.7728
2012-05-21,6.47,0.02,0.31008
2012-05-20,6.45,0.07,1.09718
2012-05-17,6.38,-0.04,-0.62305
2012-05-16,6.42,-0.05,-0.7728
2012-05-15,6.47,-0.02,-0.30817
2012-05-14,6.49,-0.06,-0.91603
2012-05-13,6.55,-0.07,-1.0574
2012-05-10,6.62,-0.03,-0.45113
2012-05-09,6.65,0.04,0.60514
2012-05-08,6.61,-0.05,-0.75075
2012-05-07,6.66,-0.06,-0.89286
2012-05-06,6.72,-0.01,-0.14859
2012-05-03,6.73,-0.1,-1.46413
2012-05-02,6.83,-0.05,-0.72674
2012-05-01,6.88,-0.03,-0.43415
2012-04-29,6.91,-0.02,-0.2886
2012-04-26,6.93,0.0,0.0
2012-04-25,6.93,0.04,0.58055
2012-04-24,6.89,0.03,0.43732
2012-04-23,6.86,0.06,0.88235
2012-04-22,6.8,-0.07,-1.01892
2012-04-19,6.87,0.0,0.0
2012-04-18,6.87,-0.03,-0.43478
2012-04-17,6.9,-0.02,-0.28902
2012-04-16,6.92,0.09,1.31772
2012-04-15,6.83,-0.01,-0.1462
2012-04-12,6.84,-0.07,-1.01302
2012-04-11,6.91,0.07,1.02339
2012-04-10,6.84,0.01,0.14641
2012-04-09,6.83,-0.11,-1.58501
2012-04-08,6.94,-0.04,-0.57307
2012-04-04,6.98,-0.15,-2.10379
2012-04-02,7.13,-0.06,-0.83449
2012-04-01,7.19,0.05,0.70028
2012-03-29,7.14,0.05,0.70522
2012-03-28,7.09,-0.04,-0.56101
2012-03-27,7.13,-0.07,-0.97222
2012-03-26,7.2,-0.05,-0.68966
2012-03-25,7.25,0.05,0.69444
2012-03-22,7.2,0.03,0.41841
2012-03-21,7.17,-0.08,-1.10345
2012-03-20,7.25,-0.04,-0.5487
2012-03-19,7.29,-0.06,-0.81633
2012-03-18,7.35,0.01,0.13624
2012-03-15,7.34,0.02,0.27322
2012-03-14,7.32,-0.01,-0.13643
2012-03-13,7.33,-0.03,-0.40761
2012-03-12,7.36,0.05,0.68399
2012-03-11,7.31,-0.06,-0.81411
2012-03-08,7.37,0.04,0.5457
2012-03-07,7.33,0.05,0.68681
2012-03-06,7.28,0.03,0.41379
2012-03-05,7.25,-0.11,-1.49457
2012-03-04,7.36,-0.07,-0.94213
2012-03-01,7.43,0.0,0.0
2012-02-29,7.43,0.05,0.67751
2012-02-28,7.38,-0.08,-1.07239
2012-02-23,7.46,0.04,0.53908
2012-02-22,7.42,-0.01,-0.13459
2012-02-21,7.43,0.02,0.26991
2012-02-20,7.41,0.05,0.67935
2012-02-16,7.36,0.11,1.51724
2012-02-15,7.25,0.02,0.27663
2012-02-14,7.23,-0.01,-0.13812
2012-02-13,7.24,0.0,0.0
2012-02-12,7.24,0.02,0.27701
2012-02-09,7.22,-0.07,-0.96022
2012-02-08,7.29,-0.03,-0.40984
2012-02-07,7.32,0.03,0.41152
2012-02-06,7.29,0.01,0.13736
2012-02-05,7.28,0.03,0.41379
2012-02-02,7.25,0.04,0.55479
2012-02-01,7.21,0.0,0.0
2012-01-31,7.21,0.05,0.69832
2012-01-30,7.16,0.01,0.13986
2012-01-29,7.15,-0.05,-0.69444
2012-01-17,7.2,0.02,0.27855
2012-01-16,7.18,0.02,0.27933
2012-01-12,7.16,-0.03,-0.41725
2012-01-11,7.19,-0.04,-0.55325
2012-01-10,7.23,-0.06,-0.82305
2012-01-09,7.29,0.06,0.82988
2012-01-08,7.23,-0.04,-0.55021
2012-01-05,7.27,-0.02,-0.27435
2012-01-04,7.29,-0.01,-0.13699
2012-01-03,7.3,0.0,0.0
2012-01-02,7.3,0.11,1.5299
2011-12-29,7.19,0.02,0.27894
2011-12-28,7.17,0.01,0.13966
2011-12-27,7.16,-0.04,-0.55556
2011-12-26,7.2,0.01,0.13908
2011-12-22,7.19,0.02,0.27894
2011-12-21,7.17,0.03,0.42017
2011-12-20,7.14,0.07,0.9901
2011-12-19,7.07,0.13,1.8732
2011-12-18,6.94,-0.07,-0.99857
2011-12-15,7.01,0.07,1.00865
2011-12-14,6.94,0.0,0.0
2011-12-13,6.94,-0.11,-1.56028
2011-12-12,7.05,-0.04,-0.56417
2011-12-11,7.09,-0.1,-1.39082
2011-12-08,7.19,0.06,0.84151
2011-12-07,7.13,-0.14,-1.92572
2011-12-06,7.27,-0.01,-0.13736
2011-12-05,7.28,-0.04,-0.54645
2011-12-04,7.32,0.07,0.96552
2011-12-01,7.25,0.01,0.13812
2011-11-30,7.24,-0.01,-0.13793
2011-11-29,7.25,0.16,2.2567
2011-11-28,7.09,0.02,0.28289
2011-11-27,7.07,0.12,1.72662
2011-11-24,6.95,-0.03,-0.4298
2011-11-22,6.98,-0.1,-1.41243
2011-11-21,7.08,-0.04,-0.5618
2011-11-20,7.12,-0.14,-1.92837
2011-11-17,7.26,-0.06,-0.81967
2011-11-16,7.32,-0.07,-0.94723
2011-11-15,7.39,-0.05,-0.67204
2011-11-14,7.44,0.0,0.0
2011-11-13,7.44,-0.02,-0.2681
2011-11-10,7.46,0.12,1.63488
2011-11-09,7.34,0.0,0.0
2011-11-08,7.34,-0.19,-2.52324
2011-11-07,7.53,0.07,0.93834
2011-11-06,7.46,0.02,0.26882
2011-11-03,7.44,0.02,0.26954
2011-11-02,7.42,0.12,1.64384
2011-11-01,7.3,0.14,1.95531
2011-10-31,7.16,0.0,0.0
