tradeDate,nav,change,changePercent
2022-08-30,10.02,0.0,0.0
2022-08-29,10.02,-0.01,-0.0997
2022-08-28,10.03,0.0,0.0
2022-08-25,10.03,0.0,0.0
2022-08-24,10.03,0.0,0.0
2022-08-23,10.03,0.0,0.0
2022-08-22,10.03,0.0,0.0
2022-08-21,10.03,-0.01,-0.0996
2022-08-18,10.04,-0.01,-0.0995
2022-08-17,10.05,0.01,0.0996
2022-08-16,10.04,-0.01,-0.0995
2022-08-15,10.05,-0.01,-0.0994
2022-08-14,10.06,0.01,0.0995
2022-08-11,10.05,0.0,0.0
2022-08-10,10.05,0.01,0.0996
2022-08-09,10.04,0.01,0.0997
2022-08-08,10.03,0.0,0.0
2022-08-07,10.03,0.01,0.0998
2022-08-04,10.02,-0.01,-0.0997
2022-08-03,10.03,0.01,0.0998
2022-08-02,10.02,0.0,0.0
2022-08-01,10.02,-0.01,-0.0997
2022-07-31,10.03,0.02,0.1998
2022-07-28,10.01,0.02,0.2002
2022-07-27,9.99,0.02,0.2006
2022-07-26,9.97,0.0,0.0
2022-07-25,9.97,0.01,0.1004
2022-07-24,9.96,0.01,0.1005
2022-07-21,9.95,0.02,0.20141
2022-07-20,9.93,0.01,0.10081
2022-07-19,9.92,0.0,0.0
2022-07-18,9.92,-0.01,-0.1007
2022-07-17,9.93,0.0,0.0
2022-07-14,9.93,0.0,0.0
2022-07-13,9.93,,
2022-07-12,9.96,-0.02,-0.2004
2022-07-11,9.98,-0.15,-1.48075
2022-07-10,10.13,-0.07,-0.68627
2022-07-07,10.2,-0.01,-0.09794
2022-07-06,10.21,-0.06,-0.58423
2022-07-05,10.27,-0.04,-0.38797
2022-07-04,10.31,-0.04,-0.38647
2022-06-30,10.35,0.01,0.09671
2022-06-29,10.34,-0.01,-0.09662
2022-06-28,10.35,-0.04,-0.38499
2022-06-27,10.39,-0.01,-0.09615
2022-06-26,10.4,0.01,0.09625
2022-06-23,10.39,-0.02,-0.19212
2022-06-22,10.41,-0.05,-0.47801
2022-06-21,10.46,,
2022-06-20,10.46,-0.02,-0.19084
2022-06-16,10.48,-0.04,-0.38023
2022-06-15,10.52,-0.03,-0.28436
2022-06-14,10.55,0.07,0.66794
2022-06-13,10.48,-0.06,-0.56926
2022-06-12,10.54,-0.17,-1.5873
2022-06-09,10.71,-0.08,-0.74143
2022-06-08,10.79,-0.04,-0.36934
2022-06-07,10.83,-0.01,-0.09225
2022-06-06,10.84,0.0,0.0
2022-06-05,10.84,0.0,0.0
2022-06-01,10.84,0.0,0.0
2022-05-31,10.84,0.0,0.0
2022-05-30,10.84,-0.02,-0.18416
2022-05-26,10.86,-0.05,-0.4583
2022-05-25,10.91,-0.01,-0.09158
2022-05-24,10.92,0.0,0.0
2022-05-23,10.92,0.01,0.09166
2022-05-22,10.91,0.03,0.27574
2022-05-19,10.88,0.05,0.46168
2022-05-18,10.83,-0.01,-0.09225
2022-05-17,10.84,0.03,0.27752
2022-05-16,10.81,-0.03,-0.27675
2022-05-15,10.84,0.03,0.27752
2022-05-12,10.81,-0.02,-0.18467
2022-05-11,10.83,-0.05,-0.45956
2022-05-10,10.88,-0.02,-0.18349
2022-05-09,10.9,-0.07,-0.6381
2022-05-08,10.97,0.0,0.0
2022-05-05,10.97,-0.03,-0.27273
2022-05-04,11.0,0.01,0.09099
2022-05-03,10.99,0.02,0.18232
2022-05-02,10.97,-0.01,-0.09107
2022-04-28,10.98,0.02,0.18248
2022-04-27,10.96,0.01,0.09132
2022-04-26,10.95,-0.01,-0.09124
2022-04-25,10.96,0.02,0.18282
2022-04-24,10.94,-0.04,-0.3643
2022-04-21,10.98,0.0,0.0
2022-04-20,10.98,-0.04,-0.36298
2022-04-19,11.02,-0.01,-0.09066
2022-04-18,11.03,-0.02,-0.181
2022-04-17,11.05,0.0,0.0
2022-04-13,11.05,0.02,0.18132
2022-04-12,11.03,0.01,0.09074
2022-04-11,11.02,-0.02,-0.18116
2022-04-10,11.04,-0.06,-0.54054
2022-04-07,11.1,-0.01,-0.09001
2022-04-06,11.11,-0.01,-0.08993
2022-04-05,11.12,0.11,0.99909
2022-03-31,11.01,-0.02,-0.18132
2022-03-30,11.03,-0.01,-0.09058
2022-03-29,11.04,0.07,0.6381
2022-03-28,10.97,0.05,0.45788
2022-03-27,10.92,0.04,0.36765
2022-03-24,10.88,-0.01,-0.09183
2022-03-23,10.89,-0.05,-0.45704
2022-03-22,10.94,0.06,0.55147
2022-03-21,10.88,0.0,0.0
2022-03-20,10.88,0.03,0.2765
2022-03-17,10.85,0.03,0.27726
2022-03-16,10.82,0.06,0.55762
2022-03-15,10.76,-0.01,-0.09285
2022-03-14,10.77,-0.05,-0.46211
2022-03-13,10.82,-0.05,-0.45998
2022-03-10,10.87,-0.02,-0.18365
2022-03-09,10.89,0.0,0.0
2022-03-08,10.89,-0.11,-1.0
2022-03-07,11.0,-0.08,-0.72202
2022-03-06,11.08,-0.05,-0.44924
2022-03-03,11.13,-0.02,-0.17937
2022-03-02,11.15,-0.03,-0.26834
2022-03-01,11.18,-0.05,-0.44524
2022-02-28,11.23,-0.12,-1.05727
2022-02-24,11.35,-0.05,-0.4386
2022-02-23,11.4,-0.06,-0.52356
2022-02-22,11.46,-0.01,-0.08718
2022-02-21,11.47,-0.06,-0.52038
2022-02-17,11.53,0.0,0.0
2022-02-16,11.53,-0.01,-0.08666
2022-02-15,11.54,0.01,0.08673
2022-02-14,11.53,0.0,0.0
2022-02-13,11.53,-0.03,-0.25952
2022-02-10,11.56,-0.01,-0.08643
2022-02-09,11.57,0.0,0.0
2022-02-08,11.57,0.01,0.08651
2022-02-07,11.56,-0.01,-0.08643
2022-02-06,11.57,-0.01,-0.08636
2022-01-27,11.58,-0.01,-0.08628
2022-01-26,11.59,-0.01,-0.08621
2022-01-25,11.6,-0.01,-0.08613
2022-01-24,11.61,0.0,0.0
2022-01-23,11.61,-0.02,-0.17197
2022-01-20,11.63,0.02,0.17227
2022-01-19,11.61,0.01,0.08621
2022-01-18,11.6,0.04,0.34602
2022-01-17,11.56,-0.05,-0.43066
2022-01-13,11.61,-0.03,-0.25773
2022-01-12,11.64,-0.02,-0.17153
2022-01-11,11.66,-0.01,-0.08569
2022-01-10,11.67,-0.01,-0.08562
2022-01-09,11.68,-0.01,-0.08554
2022-01-06,11.69,-0.01,-0.08547
2022-01-05,11.7,-0.02,-0.17065
2022-01-04,11.72,-0.01,-0.08525
2022-01-03,11.73,0.01,0.08532
2022-01-02,11.72,0.0,0.0
2021-12-29,11.72,0.01,0.0854
2021-12-28,11.71,0.0,0.0
2021-12-27,11.71,0.0,0.0
2021-12-26,11.71,0.01,0.08547
2021-12-22,11.7,0.01,0.08554
2021-12-21,11.69,0.01,0.08562
2021-12-20,11.68,0.0,0.0
2021-12-19,11.68,-0.03,-0.25619
2021-12-16,11.71,-0.02,-0.1705
2021-12-15,11.73,0.01,0.08532
2021-12-14,11.72,-0.01,-0.08525
2021-12-13,11.73,0.0,0.0
2021-12-12,11.73,0.01,0.08532
2021-12-09,11.72,0.0,0.0
2021-12-08,11.72,0.0,0.0
2021-12-07,11.72,0.01,0.0854
2021-12-06,11.71,0.01,0.08547
2021-12-05,11.7,0.0,0.0
2021-12-02,11.7,0.01,0.08554
2021-12-01,11.69,-0.01,-0.08547
2021-11-30,11.7,-0.01,-0.0854
2021-11-29,11.71,-0.01,-0.08532
2021-11-28,11.72,-0.01,-0.08525
2021-11-25,11.73,-0.01,-0.08518
2021-11-23,11.74,0.0,0.0
2021-11-22,11.74,-0.03,-0.25489
2021-11-21,11.77,-0.01,-0.08489
2021-11-18,11.78,0.0,0.0
2021-11-17,11.78,0.0,0.0
2021-11-16,11.78,0.01,0.08496
2021-11-15,11.77,-0.01,-0.08489
2021-11-14,11.78,0.01,0.08496
2021-11-11,11.77,-0.01,-0.08489
2021-11-10,11.78,0.0,0.0
2021-11-09,11.78,-0.01,-0.08482
2021-11-08,11.79,-0.01,-0.08475
2021-11-07,11.8,-0.01,-0.08467
2021-11-04,11.81,-0.01,-0.0846
2021-11-03,11.82,0.01,0.08467
2021-11-02,11.81,0.0,0.0
2021-11-01,11.81,0.0,0.0
2021-10-31,11.81,-0.01,-0.0846
2021-10-28,11.82,0.0,0.0
2021-10-27,11.82,0.0,0.0
2021-10-26,11.82,0.0,0.0
2021-10-25,11.82,0.0,0.0
2021-10-24,11.82,0.0,0.0
2021-10-21,11.82,0.0,0.0
2021-10-20,11.82,-0.01,-0.08453
2021-10-19,11.83,0.0,0.0
2021-10-18,11.83,0.01,0.0846
2021-10-17,11.82,0.0,0.0
2021-10-14,11.82,0.0,0.0
2021-10-13,11.82,0.0,0.0
2021-10-12,11.82,0.0,0.0
2021-10-11,11.82,-0.03,-0.25316
2021-10-07,11.85,0.0,0.0
2021-10-06,11.85,-0.01,-0.08432
2021-10-05,11.86,-0.01,-0.08425
2021-10-04,11.87,-0.01,-0.08418
2021-10-03,11.88,-0.01,-0.0841
2021-09-30,11.89,0.0,0.0
2021-09-29,11.89,0.0,0.0
2021-09-28,11.89,-0.01,-0.08403
2021-09-27,11.9,-0.01,-0.08396
2021-09-26,11.91,-0.02,-0.16764
2021-09-23,11.93,-0.01,-0.08375
2021-09-22,11.94,0.01,0.08382
2021-09-21,11.93,-0.02,-0.16736
2021-09-16,11.95,-0.02,-0.16708
2021-09-15,11.97,-0.02,-0.16681
2021-09-14,11.99,-0.01,-0.08333
2021-09-13,12.0,0.0,0.0
2021-09-12,12.0,0.0,0.0
2021-09-09,12.0,0.01,0.0834
2021-09-08,11.99,0.0,0.0
2021-09-07,11.99,0.0,0.0
2021-09-06,11.99,0.01,0.08347
2021-09-02,11.98,0.0,0.0
2021-09-01,11.98,0.0,0.0
2021-08-31,11.98,0.0,0.0
2021-08-30,11.98,0.05,0.41911
2021-08-29,11.93,-0.03,-0.25084
2021-08-26,11.96,0.0,0.0
2021-08-25,11.96,0.01,0.08368
2021-08-24,11.95,0.01,0.08375
2021-08-23,11.94,0.01,0.08382
2021-08-22,11.93,0.0,0.0
2021-08-19,11.93,0.0,0.0
2021-08-18,11.93,0.0,0.0
2021-08-17,11.93,0.0,0.0
2021-08-16,11.93,0.0,0.0
2021-08-15,11.93,0.0,0.0
2021-08-12,11.93,0.01,0.08389
2021-08-11,11.92,0.0,0.0
2021-08-10,11.92,0.0,0.0
2021-08-09,11.92,0.0,0.0
2021-08-08,11.92,0.01,0.08396
2021-08-05,11.91,-0.01,-0.08389
2021-08-04,11.92,0.0,0.0
2021-08-03,11.92,0.0,0.0
2021-08-02,11.92,0.01,0.08396
2021-08-01,11.91,0.01,0.08403
2021-07-29,11.9,0.0,0.0
2021-07-28,11.9,0.0,0.0
2021-07-27,11.9,-0.02,-0.16779
2021-07-26,11.92,-0.01,-0.08382
2021-07-25,11.93,0.0,0.0
2021-07-22,11.93,0.0,0.0
2021-07-21,11.93,0.0,0.0
2021-07-20,11.93,0.0,0.0
2021-07-19,11.93,0.0,0.0
2021-07-18,11.93,-0.01,-0.08375
2021-07-15,11.94,0.0,0.0
2021-07-14,11.94,0.0,0.0
2021-07-13,11.94,0.0,0.0
2021-07-12,11.94,0.0,0.0
2021-07-11,11.94,0.01,0.08382
2021-07-08,11.93,0.01,0.08389
2021-07-07,11.92,0.01,0.08396
2021-07-06,11.91,0.0,0.0
2021-07-05,11.91,-0.01,-0.08389
2021-07-01,11.92,0.0,0.0
2021-06-30,11.92,0.0,0.0
2021-06-29,11.92,0.0,0.0
2021-06-28,11.92,-0.01,-0.08382
2021-06-27,11.93,0.01,0.08389
2021-06-24,11.92,0.0,0.0
2021-06-23,11.92,0.0,0.0
2021-06-22,11.92,-0.01,-0.08382
2021-06-21,11.93,0.0,0.0
2021-06-20,11.93,0.0,0.0
2021-06-17,11.93,0.01,0.08389
2021-06-16,11.92,-0.01,-0.08382
2021-06-15,11.93,-0.01,-0.08375
2021-06-14,11.94,0.0,0.0
2021-06-10,11.94,0.01,0.08382
2021-06-09,11.93,0.0,0.0
2021-06-08,11.93,0.02,0.16793
2021-06-07,11.91,0.0,0.0
2021-06-06,11.91,0.01,0.08403
2021-06-03,11.9,0.0,0.0
2021-06-02,11.9,0.0,0.0
2021-06-01,11.9,0.0,0.0
2021-05-31,11.9,0.01,0.0841
2021-05-27,11.89,0.0,0.0
2021-05-26,11.89,0.0,0.0
2021-05-25,11.89,0.01,0.08418
2021-05-24,11.88,0.01,0.08425
2021-05-23,11.87,0.0,0.0
2021-05-20,11.87,0.01,0.08432
2021-05-19,11.86,0.01,0.08439
2021-05-18,11.85,-0.01,-0.08432
2021-05-17,11.86,0.01,0.08439
2021-05-16,11.85,0.01,0.08446
2021-05-13,11.84,0.0,0.0
2021-05-12,11.84,0.0,0.0
2021-05-11,11.84,-0.01,-0.08439
2021-05-10,11.85,0.0,0.0
2021-05-09,11.85,0.01,0.08446
2021-05-06,11.84,0.02,0.1692
2021-05-05,11.82,0.01,0.08467
2021-05-04,11.81,0.0,0.0
2021-05-03,11.81,0.0,0.0
2021-05-02,11.81,0.01,0.08475
2021-04-28,11.8,0.01,0.08482
2021-04-27,11.79,0.0,0.0
2021-04-26,11.79,0.0,0.0
2021-04-25,11.79,0.0,0.0
2021-04-22,11.79,0.01,0.08489
2021-04-21,11.78,0.0,0.0
2021-04-20,11.78,0.0,0.0
2021-04-19,11.78,-0.03,-0.25402
2021-04-18,11.81,0.01,0.08475
2021-04-15,11.8,0.02,0.16978
2021-04-14,11.78,0.0,0.0
2021-04-13,11.78,0.0,0.0
2021-04-12,11.78,-0.03,-0.25402
2021-04-11,11.81,-0.03,-0.25338
2021-04-08,11.84,-0.01,-0.08439
2021-04-07,11.85,0.01,0.08446
2021-04-06,11.84,0.0,0.0
2021-04-05,11.84,0.0,0.0
2021-03-31,11.84,0.0,0.0
2021-03-30,11.84,0.0,0.0
2021-03-29,11.84,-0.01,-0.08439
2021-03-28,11.85,0.0,0.0
2021-03-25,11.85,0.0,0.0
2021-03-24,11.85,0.0,0.0
2021-03-23,11.85,0.0,0.0
2021-03-22,11.85,0.0,0.0
2021-03-21,11.85,-0.03,-0.25253
2021-03-18,11.88,0.0,0.0
2021-03-17,11.88,0.0,0.0
2021-03-16,11.88,0.0,0.0
2021-03-15,11.88,0.01,0.08425
2021-03-14,11.87,0.01,0.08432
2021-03-11,11.86,-0.01,-0.08425
2021-03-10,11.87,0.02,0.16878
2021-03-09,11.85,0.01,0.08446
2021-03-08,11.84,-0.01,-0.08439
2021-03-07,11.85,-0.03,-0.25253
2021-03-04,11.88,-0.02,-0.16807
2021-03-03,11.9,0.0,0.0
2021-03-02,11.9,-0.01,-0.08396
2021-03-01,11.91,0.01,0.08403
2021-02-25,11.9,-0.01,-0.08396
2021-02-24,11.91,-0.02,-0.16764
2021-02-23,11.93,0.0,0.0
2021-02-22,11.93,0.01,0.08389
2021-02-21,11.92,-0.01,-0.08382
2021-02-18,11.93,0.0,0.0
2021-02-17,11.93,0.01,0.08389
2021-02-16,11.92,0.01,0.08396
2021-02-08,11.91,0.0,0.0
2021-02-07,11.91,0.0,0.0
2021-02-04,11.91,0.01,0.08403
2021-02-03,11.9,0.01,0.0841
2021-02-02,11.89,0.01,0.08418
2021-02-01,11.88,0.0,0.0
2021-01-31,11.88,0.01,0.08425
2021-01-28,11.87,0.0,0.0
2021-01-27,11.87,0.0,0.0
2021-01-26,11.87,0.0,0.0
2021-01-25,11.87,0.0,0.0
2021-01-24,11.87,0.01,0.08432
2021-01-21,11.86,0.0,0.0
2021-01-20,11.86,0.01,0.08439
2021-01-19,11.85,0.0,0.0
2021-01-18,11.85,0.01,0.08446
2021-01-14,11.84,0.01,0.08453
2021-01-13,11.83,0.01,0.0846
2021-01-12,11.82,0.0,0.0
2021-01-11,11.82,-0.01,-0.08453
2021-01-10,11.83,0.0,0.0
2021-01-07,11.83,0.0,0.0
2021-01-06,11.83,-0.01,-0.08446
2021-01-05,11.84,-0.01,-0.08439
2021-01-04,11.85,0.0,0.0
2021-01-03,11.85,0.02,0.16906
2020-12-30,11.83,0.01,0.0846
2020-12-29,11.82,0.0,0.0
2020-12-28,11.82,0.01,0.08467
2020-12-27,11.81,0.01,0.08475
2020-12-23,11.8,0.0,0.0
2020-12-22,11.8,0.01,0.08482
2020-12-21,11.79,0.0,0.0
2020-12-20,11.79,-0.01,-0.08475
2020-12-17,11.8,0.01,0.08482
2020-12-16,11.79,0.01,0.08489
2020-12-15,11.78,0.01,0.08496
2020-12-14,11.77,0.0,0.0
2020-12-13,11.77,0.02,0.17021
2020-12-10,11.75,0.0,0.0
2020-12-09,11.75,0.01,0.08518
2020-12-08,11.74,0.0,0.0
2020-12-07,11.74,0.01,0.08525
2020-12-06,11.73,0.02,0.17079
2020-12-03,11.71,0.02,0.17109
2020-12-02,11.69,0.02,0.17138
2020-12-01,11.67,0.01,0.08576
2020-11-30,11.66,0.02,0.17182
2020-11-29,11.64,0.02,0.17212
2020-11-26,11.62,0.01,0.08613
2020-11-24,11.61,0.02,0.17256
2020-11-23,11.59,0.01,0.08636
2020-11-22,11.58,0.01,0.08643
2020-11-19,11.57,0.01,0.08651
2020-11-18,11.56,0.01,0.08658
2020-11-17,11.55,0.01,0.08666
2020-11-16,11.54,0.01,0.08673
2020-11-15,11.53,0.02,0.17376
2020-11-12,11.51,0.01,0.08696
2020-11-11,11.5,0.05,0.43668
2020-11-10,11.45,0.0,0.0
2020-11-09,11.45,0.01,0.08741
2020-11-08,11.44,0.04,0.35088
2020-11-05,11.4,0.0,0.0
2020-11-04,11.4,0.04,0.35211
2020-11-03,11.36,0.03,0.26478
2020-11-02,11.33,0.01,0.08834
2020-11-01,11.32,0.0,0.0
2020-10-29,11.32,-0.01,-0.08826
2020-10-28,11.33,-0.01,-0.08818
2020-10-27,11.34,-0.02,-0.17606
2020-10-26,11.36,0.0,0.0
2020-10-25,11.36,0.0,0.0
2020-10-22,11.36,0.0,0.0
2020-10-21,11.36,0.0,0.0
2020-10-20,11.36,0.0,0.0
2020-10-19,11.36,0.0,0.0
2020-10-18,11.36,0.01,0.08811
2020-10-15,11.35,0.0,0.0
2020-10-14,11.35,-0.01,-0.08803
2020-10-13,11.36,0.0,0.0
2020-10-12,11.36,0.01,0.08811
2020-10-11,11.35,0.02,0.17652
2020-10-07,11.33,0.01,0.08834
2020-10-06,11.32,0.01,0.08842
2020-10-05,11.31,0.02,0.17715
2020-10-04,11.29,0.02,0.17746
2020-09-29,11.27,0.01,0.08881
2020-09-28,11.26,0.0,0.0
2020-09-27,11.26,0.0,0.0
2020-09-24,11.26,-0.03,-0.26572
2020-09-23,11.29,-0.04,-0.35305
2020-09-22,11.33,-0.02,-0.17621
2020-09-21,11.35,-0.01,-0.08803
2020-09-20,11.36,-0.02,-0.17575
2020-09-17,11.38,0.0,0.0
2020-09-16,11.38,-0.01,-0.0878
2020-09-15,11.39,0.01,0.08787
2020-09-14,11.38,0.01,0.08795
2020-09-13,11.37,0.01,0.08803
2020-09-10,11.36,0.0,0.0
2020-09-09,11.36,0.0,0.0
2020-09-08,11.36,0.0,0.0
2020-09-07,11.36,-0.01,-0.08795
2020-09-03,11.37,0.0,0.0
2020-09-02,11.37,0.01,0.08803
2020-09-01,11.36,0.02,0.17637
2020-08-31,11.34,0.02,0.17668
2020-08-30,11.32,0.01,0.08842
2020-08-27,11.31,0.01,0.0885
2020-08-26,11.3,0.01,0.08857
2020-08-25,11.29,0.01,0.08865
2020-08-24,11.28,0.01,0.08873
2020-08-23,11.27,0.01,0.08881
2020-08-20,11.26,0.0,0.0
2020-08-19,11.26,0.0,0.0
2020-08-18,11.26,0.01,0.08889
2020-08-17,11.25,0.0,0.0
2020-08-16,11.25,0.01,0.08897
2020-08-13,11.24,0.0,0.0
2020-08-12,11.24,0.01,0.08905
2020-08-11,11.23,0.01,0.08913
2020-08-10,11.22,0.02,0.17857
2020-08-09,11.2,0.01,0.08937
2020-08-06,11.19,0.01,0.08945
2020-08-05,11.18,-0.01,-0.08937
2020-08-04,11.19,0.01,0.08945
2020-08-03,11.18,0.01,0.08953
2020-08-02,11.17,0.0,0.0
2020-07-30,11.17,0.01,0.08961
2020-07-29,11.16,0.0,0.0
2020-07-28,11.16,0.02,0.17953
2020-07-27,11.14,0.0,0.0
2020-07-26,11.14,0.01,0.08985
2020-07-23,11.13,0.0,0.0
2020-07-22,11.13,0.02,0.18002
2020-07-21,11.11,0.02,0.18034
2020-07-20,11.09,0.02,0.18067
2020-07-19,11.07,0.02,0.181
2020-07-16,11.05,0.01,0.09058
2020-07-15,11.04,0.0,0.0
2020-07-14,11.04,0.01,0.09066
2020-07-13,11.03,-0.01,-0.09058
2020-07-12,11.04,0.01,0.09066
2020-07-09,11.03,-0.02,-0.181
2020-07-08,11.05,0.0,0.0
2020-07-07,11.05,0.0,0.0
2020-07-06,11.05,0.0,0.0
2020-07-05,11.05,0.02,0.18132
2020-07-01,11.03,0.01,0.09074
2020-06-30,11.02,0.0,0.0
2020-06-29,11.02,0.0,0.0
2020-06-28,11.02,-0.02,-0.18116
2020-06-23,11.04,-0.01,-0.0905
2020-06-22,11.05,0.02,0.18132
2020-06-21,11.03,0.01,0.09074
2020-06-18,11.02,0.01,0.09083
2020-06-17,11.01,0.01,0.09091
2020-06-16,11.0,0.01,0.09099
2020-06-15,10.99,0.03,0.27372
2020-06-14,10.96,-0.01,-0.09116
2020-06-11,10.97,-0.02,-0.18198
2020-06-10,10.99,-0.03,-0.27223
2020-06-09,11.02,0.0,0.0
2020-06-08,11.02,0.0,0.0
2020-06-07,11.02,0.07,0.63927
2020-06-04,10.95,0.05,0.45872
2020-06-03,10.9,0.03,0.27599
2020-06-02,10.87,0.07,0.64815
2020-06-01,10.8,0.03,0.27855
2020-05-31,10.77,0.03,0.27933
2020-05-28,10.74,0.0,0.0
2020-05-27,10.74,0.01,0.0932
2020-05-26,10.73,0.02,0.18674
2020-05-25,10.71,0.05,0.46904
2020-05-21,10.66,0.0,0.0
2020-05-20,10.66,0.06,0.56604
2020-05-19,10.6,0.05,0.47393
2020-05-18,10.55,0.07,0.66794
2020-05-17,10.48,0.04,0.38314
2020-05-14,10.44,0.02,0.19194
2020-05-13,10.42,0.0,0.0
2020-05-12,10.42,0.01,0.09606
2020-05-11,10.41,0.03,0.28902
2020-05-10,10.38,0.03,0.28986
2020-05-07,10.35,0.03,0.2907
2020-05-06,10.32,0.03,0.29155
2020-05-05,10.29,0.02,0.19474
2020-05-04,10.27,0.01,0.09747
2020-05-03,10.26,0.01,0.09756
2020-04-29,10.25,0.04,0.39177
2020-04-28,10.21,0.03,0.2947
2020-04-27,10.18,0.02,0.19685
2020-04-26,10.16,0.01,0.09852
2020-04-23,10.15,0.01,0.09862
2020-04-22,10.14,0.02,0.19763
2020-04-21,10.12,-0.01,-0.09872
2020-04-20,10.13,-0.05,-0.49116
2020-04-19,10.18,0.04,0.39448
2020-04-16,10.14,0.04,0.39604
2020-04-15,10.1,0.03,0.29791
2020-04-14,10.07,0.03,0.2988
2020-04-13,10.04,0.13,1.31181
2020-04-12,9.91,0.05,0.5071
2020-04-08,9.86,0.1,1.02459
2020-04-07,9.76,0.03,0.30832
2020-04-06,9.73,0.05,0.51653
2020-04-05,9.68,-0.04,-0.41152
2020-03-31,9.72,-0.02,-0.20534
2020-03-30,9.74,0.02,0.20576
2020-03-29,9.72,-0.06,-0.6135
2020-03-26,9.78,0.07,0.72091
2020-03-25,9.71,0.12,1.2513
2020-03-24,9.59,0.12,1.26716
2020-03-23,9.47,0.01,0.10571
2020-03-22,9.46,-0.16,-1.6632
2020-03-19,9.62,-0.1,-1.02881
2020-03-18,9.72,-0.19,-1.91726
2020-03-17,9.91,-0.22,-2.17177
2020-03-16,10.13,-0.17,-1.65049
2020-03-15,10.3,-0.18,-1.71756
2020-03-12,10.48,-0.12,-1.13208
2020-03-11,10.6,-0.24,-2.21402
2020-03-10,10.84,-0.06,-0.55046
2020-03-09,10.9,-0.03,-0.27447
2020-03-08,10.93,-0.24,-2.14861
2020-03-05,11.17,-0.05,-0.44563
2020-03-04,11.22,0.01,0.08921
2020-03-03,11.21,0.02,0.17873
2020-03-02,11.19,0.05,0.44883
2020-03-01,11.14,-0.07,-0.62444
2020-02-26,11.21,-0.04,-0.35556
2020-02-25,11.25,-0.02,-0.17746
2020-02-24,11.27,-0.01,-0.08865
2020-02-23,11.28,0.0,0.0
2020-02-20,11.28,0.0,0.0
2020-02-19,11.28,0.01,0.08873
2020-02-18,11.27,0.0,0.0
2020-02-17,11.27,0.01,0.08881
2020-02-13,11.26,0.01,0.08889
2020-02-12,11.25,0.01,0.08897
2020-02-11,11.24,0.01,0.08905
2020-02-10,11.23,0.0,0.0
2020-02-09,11.23,0.0,0.0
2020-02-06,11.23,0.0,0.0
2020-02-05,11.23,0.01,0.08913
2020-02-04,11.22,0.02,0.17857
2020-02-03,11.2,0.0,0.0
2020-02-02,11.2,0.0,0.0
2020-01-30,11.2,0.01,0.08937
2020-01-29,11.19,0.0,0.0
2020-01-21,11.19,0.0,0.0
2020-01-20,11.19,0.01,0.08945
2020-01-16,11.18,0.01,0.08953
2020-01-15,11.17,0.0,0.0
2020-01-14,11.17,0.01,0.08961
2020-01-13,11.16,0.01,0.08969
2020-01-12,11.15,0.01,0.08977
2020-01-09,11.14,0.01,0.08985
2020-01-08,11.13,0.02,0.18002
2020-01-07,11.11,0.0,0.0
2020-01-06,11.11,0.01,0.09009
2020-01-05,11.1,0.01,0.09017
2020-01-02,11.09,0.02,0.18067
2020-01-01,11.07,0.02,0.181
2019-12-30,11.05,0.0,0.0
2019-12-29,11.05,0.0,0.0
2019-12-26,11.05,0.01,0.09058
2019-12-25,11.04,0.01,0.09066
2019-12-23,11.03,0.0,0.0
2019-12-22,11.03,0.01,0.09074
2019-12-19,11.02,0.0,0.0
2019-12-18,11.02,0.01,0.09083
2019-12-17,11.01,0.01,0.09091
2019-12-16,11.0,0.02,0.18215
2019-12-15,10.98,0.01,0.09116
2019-12-12,10.97,0.02,0.18265
2019-12-11,10.95,0.0,0.0
2019-12-10,10.95,0.01,0.09141
2019-12-09,10.94,0.0,0.0
2019-12-08,10.94,0.0,0.0
2019-12-05,10.94,0.0,0.0
2019-12-04,10.94,0.01,0.09149
2019-12-03,10.93,-0.01,-0.09141
2019-12-02,10.94,0.01,0.09149
2019-12-01,10.93,0.01,0.09158
2019-11-28,10.92,0.0,0.0
2019-11-26,10.92,0.0,0.0
2019-11-25,10.92,0.01,0.09166
2019-11-24,10.91,0.0,0.0
2019-11-21,10.91,0.01,0.09174
2019-11-20,10.9,-0.01,-0.09166
2019-11-19,10.91,0.01,0.09174
2019-11-18,10.9,0.0,0.0
2019-11-17,10.9,0.01,0.09183
2019-11-14,10.89,0.0,0.0
2019-11-13,10.89,0.01,0.09191
2019-11-12,10.88,0.0,0.0
2019-11-11,10.88,0.0,0.0
2019-11-10,10.88,0.01,0.092
2019-11-07,10.87,0.0,0.0
2019-11-06,10.87,0.0,0.0
2019-11-05,10.87,0.01,0.09208
2019-11-04,10.86,-0.01,-0.092
2019-11-03,10.87,0.01,0.09208
2019-10-31,10.86,0.0,0.0
2019-10-30,10.86,0.0,0.0
2019-10-29,10.86,0.0,0.0
2019-10-28,10.86,0.01,0.09217
2019-10-27,10.85,0.01,0.09225
2019-10-24,10.84,0.0,0.0
2019-10-23,10.84,0.02,0.18484
2019-10-22,10.82,0.01,0.09251
2019-10-21,10.81,0.02,0.18536
2019-10-20,10.79,-0.01,-0.09259
2019-10-17,10.8,0.02,0.18553
2019-10-16,10.78,0.01,0.09285
2019-10-15,10.77,-0.02,-0.18536
2019-10-14,10.79,0.0,0.0
2019-10-13,10.79,-0.02,-0.18501
2019-10-08,10.81,-0.01,-0.09242
2019-10-07,10.82,0.01,0.09251
2019-10-06,10.81,0.0,0.0
2019-10-03,10.81,0.01,0.09259
2019-10-02,10.8,0.01,0.09268
2019-10-01,10.79,0.0,0.0
2019-09-30,10.79,0.03,0.27881
2019-09-26,10.76,0.01,0.09302
2019-09-25,10.75,0.0,0.0
2019-09-24,10.75,-0.01,-0.09294
2019-09-23,10.76,0.0,0.0
2019-09-22,10.76,0.0,0.0
2019-09-19,10.76,0.02,0.18622
2019-09-18,10.74,0.01,0.0932
2019-09-17,10.73,0.0,0.0
2019-09-16,10.73,0.01,0.09328
2019-09-15,10.72,0.0,0.0
2019-09-11,10.72,0.01,0.09337
2019-09-10,10.71,0.01,0.09346
2019-09-09,10.7,-0.02,-0.18657
2019-09-08,10.72,0.01,0.09337
2019-09-05,10.71,0.01,0.09346
2019-09-04,10.7,0.0,0.0
2019-09-03,10.7,0.02,0.18727
2019-09-02,10.68,0.0,0.0
2019-08-29,10.68,0.02,0.18762
2019-08-28,10.66,-0.02,-0.18727
2019-08-27,10.68,-0.01,-0.09355
2019-08-26,10.69,0.0,0.0
2019-08-25,10.69,0.0,0.0
2019-08-22,10.69,0.02,0.18744
2019-08-21,10.67,0.01,0.09381
2019-08-20,10.66,0.0,0.0
2019-08-19,10.66,0.02,0.18797
2019-08-18,10.64,0.0,0.0
2019-08-15,10.64,0.01,0.09407
2019-08-14,10.63,-0.01,-0.09398
2019-08-13,10.64,0.0,0.0
2019-08-12,10.64,-0.05,-0.46773
2019-08-11,10.69,-0.05,-0.46555
2019-08-07,10.74,0.02,0.18657
2019-08-06,10.72,0.01,0.09337
2019-08-05,10.71,-0.01,-0.09328
2019-08-04,10.72,-0.02,-0.18622
2019-08-01,10.74,-0.02,-0.18587
2019-07-31,10.76,0.01,0.09302
2019-07-30,10.75,0.0,0.0
2019-07-29,10.75,0.01,0.09311
2019-07-28,10.74,0.01,0.0932
2019-07-25,10.73,0.01,0.09328
2019-07-24,10.72,0.01,0.09337
2019-07-23,10.71,0.01,0.09346
2019-07-22,10.7,0.0,0.0
2019-07-21,10.7,0.0,0.0
2019-07-18,10.7,0.0,0.0
2019-07-17,10.7,0.0,0.0
2019-07-16,10.7,-0.02,-0.18657
2019-07-15,10.72,-0.03,-0.27907
2019-07-14,10.75,-0.04,-0.37071
2019-07-11,10.79,0.0,0.0
2019-07-10,10.79,-0.01,-0.09259
2019-07-09,10.8,0.0,0.0
2019-07-08,10.8,-0.01,-0.09251
2019-07-07,10.81,-0.01,-0.09242
2019-07-04,10.82,-0.01,-0.09234
2019-07-02,10.83,0.02,0.18501
2019-07-01,10.81,0.02,0.18536
2019-06-30,10.79,0.03,0.27881
2019-06-27,10.76,0.02,0.18622
2019-06-26,10.74,0.03,0.28011
2019-06-25,10.71,0.01,0.09346
2019-06-24,10.7,0.0,0.0
2019-06-23,10.7,0.02,0.18727
2019-06-20,10.68,-0.01,-0.09355
2019-06-19,10.69,0.06,0.56444
2019-06-18,10.63,0.03,0.28302
2019-06-17,10.6,0.02,0.18904
2019-06-16,10.58,0.0,0.0
2019-06-13,10.58,0.0,0.0
2019-06-12,10.58,0.01,0.09461
2019-06-11,10.57,0.01,0.0947
2019-06-10,10.56,0.02,0.18975
2019-06-09,10.54,0.04,0.38095
2019-06-05,10.5,0.0,0.0
2019-06-04,10.5,0.03,0.28653
2019-06-03,10.47,0.0,0.0
2019-06-02,10.47,-0.01,-0.09542
2019-05-30,10.48,0.0,0.0
2019-05-29,10.48,0.01,0.09551
2019-05-28,10.47,0.0,0.0
2019-05-27,10.47,0.01,0.0956
2019-05-23,10.46,0.0,0.0
2019-05-22,10.46,-0.01,-0.09551
2019-05-21,10.47,0.01,0.0956
2019-05-20,10.46,0.0,0.0
2019-05-19,10.46,0.01,0.09569
2019-05-16,10.45,0.0,0.0
2019-05-15,10.45,0.01,0.09579
2019-05-14,10.44,0.01,0.09588
2019-05-13,10.43,-0.01,-0.09579
2019-05-12,10.44,-0.01,-0.09569
2019-05-09,10.45,0.0,0.0
2019-05-08,10.45,-0.02,-0.19102
2019-05-07,10.47,0.0,0.0
2019-05-06,10.47,-0.01,-0.09542
2019-05-05,10.48,0.0,0.0
2019-05-02,10.48,0.02,0.1912
2019-05-01,10.46,0.0,0.0
2019-04-29,10.46,0.02,0.19157
2019-04-28,10.44,0.0,0.0
2019-04-25,10.44,0.01,0.09588
2019-04-24,10.43,-0.01,-0.09579
2019-04-23,10.44,0.01,0.09588
2019-04-22,10.43,0.0,0.0
2019-04-21,10.43,0.01,0.09597
2019-04-17,10.42,0.0,0.0
2019-04-16,10.42,0.02,0.19231
2019-04-15,10.4,0.0,0.0
2019-04-14,10.4,0.01,0.09625
2019-04-11,10.39,-0.02,-0.19212
2019-04-10,10.41,-0.01,-0.09597
2019-04-09,10.42,0.0,0.0
2019-04-08,10.42,0.01,0.09606
2019-04-07,10.41,0.0,0.0
2019-04-02,10.41,0.0,0.0
2019-04-01,10.41,0.01,0.09615
2019-03-31,10.4,0.02,0.19268
2019-03-28,10.38,0.01,0.09643
2019-03-27,10.37,-0.01,-0.09634
2019-03-26,10.38,-0.03,-0.28818
2019-03-25,10.41,0.0,0.0
2019-03-24,10.41,-0.02,-0.19175
2019-03-21,10.43,0.0,0.0
2019-03-20,10.43,0.03,0.28846
2019-03-19,10.4,0.01,0.09625
2019-03-18,10.39,0.01,0.09634
2019-03-17,10.38,0.02,0.19305
2019-03-14,10.36,0.02,0.19342
2019-03-13,10.34,0.01,0.09681
2019-03-12,10.33,0.0,0.0
2019-03-11,10.33,0.02,0.19399
2019-03-10,10.31,0.02,0.19436
2019-03-07,10.29,-0.02,-0.19399
2019-03-06,10.31,-0.01,-0.0969
2019-03-05,10.32,0.0,0.0
2019-03-04,10.32,0.01,0.09699
2019-03-03,10.31,0.02,0.19436
2019-02-26,10.29,0.0,0.0
2019-02-25,10.29,0.01,0.09728
2019-02-24,10.28,0.01,0.09737
2019-02-21,10.27,0.01,0.09747
2019-02-20,10.26,0.0,0.0
2019-02-19,10.26,0.0,0.0
2019-02-18,10.26,0.02,0.19531
2019-02-14,10.24,0.01,0.09775
2019-02-13,10.23,0.0,0.0
2019-02-12,10.23,0.01,0.09785
2019-02-11,10.22,0.02,0.19608
2019-02-10,10.2,0.02,0.19646
2019-01-31,10.18,0.0,0.0
2019-01-30,10.18,0.05,0.49358
2019-01-29,10.13,0.01,0.09881
2019-01-28,10.12,-0.02,-0.19724
2019-01-27,10.14,0.0,0.0
2019-01-24,10.14,0.02,0.19763
2019-01-23,10.12,0.05,0.49652
2019-01-22,10.07,0.02,0.199
2019-01-21,10.05,0.03,0.2994
2019-01-17,10.02,0.02,0.2
2019-01-16,10.0,0.01,0.1001
2019-01-15,9.99,0.02,0.2006
2019-01-14,9.97,0.02,0.20101
2019-01-13,9.95,0.0,0.0
2019-01-10,9.95,0.02,0.20141
2019-01-09,9.93,-0.01,-0.1006
2019-01-08,9.94,0.04,0.40404
2019-01-07,9.9,0.0,0.0
2019-01-06,9.9,0.04,0.40568
2019-01-03,9.86,0.01,0.10152
2019-01-02,9.85,0.01,0.10163
2019-01-01,9.84,0.01,0.10173
2018-12-27,9.83,0.0,0.0
2018-12-26,9.83,0.0,0.0
2018-12-25,9.83,0.0,0.0
2018-12-23,9.83,0.01,0.10183
2018-12-20,9.82,-0.01,-0.10173
2018-12-19,9.83,-0.01,-0.10163
2018-12-18,9.84,0.0,0.0
2018-12-17,9.84,-0.01,-0.10152
2018-12-16,9.85,0.01,0.10163
2018-12-13,9.84,0.01,0.10173
2018-12-12,9.83,0.03,0.30612
2018-12-11,9.8,0.01,0.10215
2018-12-10,9.79,0.01,0.10225
2018-12-09,9.78,-0.01,-0.10215
2018-12-06,9.79,0.01,0.10225
2018-12-05,9.78,-0.01,-0.10215
2018-12-03,9.79,0.01,0.10225
2018-12-02,9.78,0.05,0.51387
2018-11-29,9.73,0.01,0.10288
2018-11-28,9.72,0.03,0.3096
2018-11-27,9.69,0.01,0.10331
2018-11-26,9.68,-0.02,-0.20619
2018-11-25,9.7,-0.01,-0.10299
2018-11-22,9.71,0.0,0.0
2018-11-20,9.71,-0.01,-0.10288
2018-11-19,9.72,-0.04,-0.40984
2018-11-18,9.76,-0.02,-0.2045
2018-11-15,9.78,0.0,0.0
2018-11-14,9.78,-0.01,-0.10215
2018-11-13,9.79,-0.01,-0.10204
2018-11-12,9.8,-0.02,-0.20367
2018-11-11,9.82,0.0,0.0
2018-11-08,9.82,-0.01,-0.10173
2018-11-07,9.83,0.0,0.0
2018-11-06,9.83,0.01,0.10183
2018-11-05,9.82,0.02,0.20408
2018-11-04,9.8,0.01,0.10215
2018-11-01,9.79,0.02,0.20471
2018-10-31,9.77,0.0,0.0
2018-10-30,9.77,-0.01,-0.10225
2018-10-29,9.78,-0.02,-0.20408
2018-10-28,9.8,-0.01,-0.10194
2018-10-25,9.81,0.01,0.10204
2018-10-24,9.8,-0.02,-0.20367
2018-10-23,9.82,0.0,0.0
2018-10-22,9.82,-0.01,-0.10173
2018-10-21,9.83,0.0,0.0
2018-10-18,9.83,-0.01,-0.10163
2018-10-17,9.84,-0.01,-0.10152
2018-10-16,9.85,0.01,0.10163
2018-10-15,9.84,0.01,0.10173
2018-10-14,9.83,0.01,0.10183
2018-10-11,9.82,0.01,0.10194
2018-10-10,9.81,-0.01,-0.10183
2018-10-08,9.82,0.0,0.0
2018-10-07,9.82,0.01,0.10194
2018-10-04,9.81,-0.02,-0.20346
2018-10-03,9.83,-0.04,-0.40527
2018-10-02,9.87,0.0,0.0
2018-10-01,9.87,-0.01,-0.10121
2018-09-30,9.88,0.01,0.10132
2018-09-27,9.87,0.01,0.10142
2018-09-26,9.86,0.03,0.30519
2018-09-25,9.83,0.02,0.20387
2018-09-24,9.81,0.02,0.20429
2018-09-20,9.79,0.02,0.20471
2018-09-19,9.77,0.03,0.30801
2018-09-18,9.74,0.01,0.10277
2018-09-17,9.73,-0.01,-0.10267
2018-09-16,9.74,0.01,0.10277
2018-09-13,9.73,0.03,0.30928
2018-09-12,9.7,0.04,0.41408
2018-09-11,9.66,0.0,0.0
2018-09-10,9.66,-0.01,-0.10341
2018-09-09,9.67,-0.02,-0.2064
2018-09-06,9.69,0.01,0.10331
2018-09-05,9.68,0.02,0.20704
2018-09-04,9.66,0.0,0.0
2018-09-03,9.66,-0.05,-0.51493
2018-08-30,9.71,-0.01,-0.10288
2018-08-29,9.72,-0.03,-0.30769
2018-08-28,9.75,-0.01,-0.10246
2018-08-27,9.76,0.01,0.10256
2018-08-26,9.75,0.0,0.0
2018-08-23,9.75,0.0,0.0
2018-08-22,9.75,-0.02,-0.20471
2018-08-21,9.77,0.02,0.20513
2018-08-20,9.75,0.02,0.20555
2018-08-19,9.73,-0.01,-0.10267
2018-08-16,9.74,0.0,0.0
2018-08-15,9.74,0.03,0.30896
2018-08-14,9.71,0.01,0.10309
2018-08-13,9.7,0.02,0.20661
2018-08-12,9.68,-0.12,-1.22449
2018-08-09,9.8,-0.06,-0.60852
2018-08-08,9.86,-0.04,-0.40404
2018-08-07,9.9,-0.02,-0.20161
2018-08-06,9.92,-0.02,-0.20121
2018-08-05,9.94,0.0,0.0
2018-08-02,9.94,0.01,0.1007
2018-08-01,9.93,-0.03,-0.3012
2018-07-31,9.96,-0.02,-0.2004
2018-07-30,9.98,-0.01,-0.1001
2018-07-29,9.99,-0.01,-0.1
2018-07-26,10.0,0.0,0.0
2018-07-25,10.0,0.01,0.1001
2018-07-24,9.99,-0.01,-0.1
2018-07-23,10.0,0.0,0.0
2018-07-22,10.0,0.0,0.0
