tradeDate,nav,change,changePercent
2022-08-30,5.328,0.0038,0.07137
2022-08-29,5.3242,0.0349,0.65982
2022-08-28,5.2893,0.0303,0.57616
2022-08-25,5.259,0.0431,0.82632
2022-08-24,5.2159,-0.0276,-0.52637
2022-08-23,5.2435,0.006,0.11456
2022-08-22,5.2375,0.0098,0.18746
2022-08-21,5.2277,0.0252,0.48438
2022-08-18,5.2025,0.0145,0.27949
2022-08-17,5.188,-0.016,-0.30746
2022-08-16,5.204,0.011,0.21182
2022-08-15,5.193,0.0023,0.04431
2022-08-14,5.1907,0.0017,0.03276
2022-08-11,5.189,-0.0106,-0.20386
2022-08-10,5.1996,-0.0019,-0.03653
2022-08-09,5.2015,0.0014,0.02692
2022-08-08,5.2001,-0.0011,-0.02115
2022-08-07,5.2012,0.0032,0.06156
2022-08-04,5.198,-0.0214,-0.41001
2022-08-03,5.2194,0.0025,0.04792
2022-08-02,5.2169,-0.0019,-0.03641
2022-08-01,5.2188,0.0018,0.0345
2022-07-31,5.217,0.0113,0.21707
2022-07-28,5.2057,0.0118,0.22719
2022-07-27,5.1939,0.0113,0.21804
2022-07-26,5.1826,-0.0015,-0.02893
2022-07-25,5.1841,0.0022,0.04246
2022-07-24,5.1819,0.0038,0.07339
2022-07-21,5.1781,0.0084,0.16249
2022-07-20,5.1697,0.006,0.1162
2022-07-19,5.1637,0.0022,0.04262
2022-07-18,5.1615,-0.0049,-0.09484
2022-07-17,5.1664,0.0042,0.08136
2022-07-14,5.1622,0.0026,0.05039
2022-07-13,5.1596,-0.0033,-0.06392
2022-07-12,5.1629,-0.008,-0.15471
2022-07-11,5.1709,-0.0005,-0.00967
2022-07-10,5.1714,-0.0183,-0.35262
2022-07-07,5.1897,0.0024,0.04627
2022-07-06,5.1873,-0.0004,-0.00771
2022-07-05,5.1877,0.0109,0.21055
2022-07-04,5.1768,0.0069,0.13346
2022-07-03,5.1699,0.0058,0.11231
2022-06-30,5.1641,0.004,0.07752
2022-06-29,5.1601,-0.003,-0.0581
2022-06-28,5.1631,-0.0055,-0.10641
2022-06-27,5.1686,-0.0331,-0.63633
2022-06-26,5.2017,-0.0148,-0.28372
2022-06-23,5.2165,0.0168,0.3231
2022-06-22,5.1997,0.0094,0.18111
2022-06-21,5.1903,,
2022-06-20,5.2042,0.0055,0.1058
2022-06-19,5.1987,-0.0032,-0.06152
2022-06-16,5.2019,-0.0002,-0.00384
2022-06-15,5.2021,-0.0877,-1.65791
2022-06-14,5.2898,0.0351,0.66797
2022-06-13,5.2547,-0.0341,-0.64476
2022-06-12,5.2888,-0.1589,-2.91683
2022-06-09,5.4477,-0.0876,-1.58257
2022-06-08,5.5353,-0.0631,-1.12711
2022-06-07,5.5984,-0.0487,-0.86239
2022-06-06,5.6471,0.0197,0.35007
2022-06-05,5.6274,-0.0424,-0.74782
2022-06-01,5.6698,0.0645,1.1507
2022-05-31,5.6053,-0.0204,-0.36262
2022-05-30,5.6257,-0.0291,-0.51461
2022-05-29,5.6548,-0.0021,-0.03712
2022-05-26,5.6569,0.0774,1.38722
2022-05-25,5.5795,0.0735,1.33491
2022-05-24,5.506,0.0386,0.706
2022-05-23,5.4674,-0.0454,-0.82354
2022-05-22,5.5128,0.0209,0.38056
2022-05-19,5.4919,-0.0034,-0.06187
2022-05-18,5.4953,-0.0224,-0.40597
2022-05-17,5.5177,-0.1018,-1.81155
2022-05-16,5.6195,0.0611,1.09924
2022-05-15,5.5584,-0.0277,-0.49587
2022-05-12,5.5861,0.067,1.21397
2022-05-11,5.5191,-0.0253,-0.45632
2022-05-10,5.5444,-0.0767,-1.3645
2022-05-09,5.6211,-0.0035,-0.06223
2022-05-08,5.6246,-0.1389,-2.40999
2022-05-05,5.7635,-0.0602,-1.03371
2022-05-04,5.8237,-0.1172,-1.97277
2022-05-03,5.9409,0.0813,1.38747
2022-05-02,5.8596,0.0454,0.78085
2022-04-28,5.8142,-0.0747,-1.26849
2022-04-27,5.8889,0.0954,1.64667
2022-04-26,5.7935,-0.0222,-0.38173
2022-04-25,5.8157,-0.0844,-1.43048
2022-04-24,5.9001,0.0044,0.07463
2022-04-21,5.8957,-0.0719,-1.20484
2022-04-20,5.9676,-0.0705,-1.16759
2022-04-19,6.0381,-0.0208,-0.3433
2022-04-18,6.0589,0.0537,0.89423
2022-04-13,6.0052,-0.039,-0.64525
2022-04-12,6.0442,0.018,0.2987
2022-04-11,6.0262,-0.0401,-0.66103
2022-04-10,6.0663,-0.0839,-1.36418
2022-04-07,6.1502,-0.0399,-0.64458
2022-04-06,6.1901,0.023,0.37295
2022-04-05,6.1671,-0.0182,-0.29425
2022-03-31,6.1853,0.0092,0.14896
2022-03-30,6.1761,0.0023,0.03725
2022-03-29,6.1738,0.0024,0.03889
2022-03-28,6.1714,0.0969,1.59519
2022-03-27,6.0745,0.0481,0.79815
2022-03-24,6.0264,-0.0055,-0.09118
2022-03-23,6.0319,0.0658,1.1029
2022-03-22,5.9661,-0.0197,-0.32911
2022-03-21,5.9858,0.0489,0.82366
2022-03-20,5.9369,0.0298,0.50448
2022-03-17,5.9071,0.0696,1.19229
2022-03-16,5.8375,0.0709,1.22949
2022-03-15,5.7666,0.0987,1.74139
2022-03-14,5.6679,0.0108,0.19091
2022-03-13,5.6571,-0.0738,-1.28776
2022-03-10,5.7309,-0.0413,-0.7155
2022-03-09,5.7722,-0.0397,-0.68308
2022-03-08,5.8119,0.0654,1.13808
2022-03-07,5.7465,-0.0245,-0.42454
2022-03-06,5.771,-0.1585,-2.67308
2022-03-03,5.9295,-0.0917,-1.52295
2022-03-02,6.0212,-0.0805,-1.3193
2022-03-01,6.1017,0.0048,0.07873
2022-02-28,6.0969,-0.1106,-1.78172
2022-02-24,6.2075,0.0305,0.49377
2022-02-23,6.177,0.0096,0.15566
2022-02-22,6.1674,-0.061,-0.97938
2022-02-21,6.2284,-0.0392,-0.62544
2022-02-20,6.2676,-0.01,-0.1593
2022-02-17,6.2776,-0.0398,-0.63001
2022-02-16,6.3174,-0.093,-1.45077
2022-02-15,6.4104,0.0016,0.02497
2022-02-14,6.4088,0.0647,1.01985
2022-02-13,6.3441,-0.0328,-0.51436
2022-02-10,6.3769,-0.1101,-1.69724
2022-02-09,6.487,-0.0446,-0.68283
2022-02-08,6.5316,0.0777,1.20392
2022-02-07,6.4539,0.0207,0.32177
2022-02-06,6.4332,0.0537,0.84176
2022-01-27,6.3795,0.0286,0.45033
2022-01-26,6.3509,-0.0482,-0.75323
2022-01-25,6.3991,0.0209,0.32768
2022-01-24,6.3782,-0.0596,-0.92578
2022-01-23,6.4378,0.0067,0.10418
2022-01-20,6.4311,-0.0085,-0.132
2022-01-19,6.4396,0.0002,0.00311
2022-01-18,6.4394,-0.0369,-0.56977
2022-01-17,6.4763,-0.0979,-1.48915
2022-01-16,6.5742,-0.0381,-0.5762
2022-01-13,6.6123,-0.0247,-0.37216
2022-01-12,6.637,-0.0881,-1.31002
2022-01-11,6.7251,-0.0055,-0.08172
2022-01-10,6.7306,0.032,0.47771
2022-01-09,6.6986,-0.0099,-0.14757
2022-01-06,6.7085,-0.0869,-1.27881
2022-01-05,6.7954,-0.0456,-0.66657
2022-01-04,6.841,-0.0985,-1.41941
2022-01-03,6.9395,-0.03,-0.43045
2022-01-02,6.9695,0.0213,0.30655
2021-12-29,6.9482,-0.0095,-0.13654
2021-12-28,6.9577,-0.0039,-0.05602
2021-12-27,6.9616,-0.0233,-0.33358
2021-12-26,6.9849,0.0439,0.63247
2021-12-23,6.941,-0.0055,-0.07918
2021-12-22,6.9465,0.0201,0.29019
2021-12-21,6.9264,0.0295,0.42773
2021-12-20,6.8969,0.0717,1.05052
2021-12-19,6.8252,-0.0381,-0.55513
2021-12-16,6.8633,-0.0105,-0.15275
2021-12-15,6.8738,-0.0808,-1.16182
2021-12-14,6.9546,0.0308,0.44484
2021-12-13,6.9238,-0.027,-0.38844
2021-12-12,6.9508,-0.0473,-0.6759
2021-12-09,6.9981,0.0167,0.23921
2021-12-08,6.9814,-0.0373,-0.53144
2021-12-07,7.0187,0.0246,0.35173
2021-12-06,6.9941,0.1124,1.63332
2021-12-05,6.8817,0.0027,0.03925
2021-12-02,6.879,-0.0309,-0.44718
2021-12-01,6.9099,0.0095,0.13767
2021-11-30,6.9004,-0.061,-0.87626
2021-11-29,6.9614,-0.0558,-0.79519
2021-11-28,7.0172,0.0207,0.29586
2021-11-25,6.9965,-0.0762,-1.07738
2021-11-24,7.0727,0.0058,0.08207
2021-11-23,7.0669,0.0021,0.02972
2021-11-22,7.0648,-0.0522,-0.73346
2021-11-21,7.117,-0.0398,-0.55611
2021-11-18,7.1568,0.0089,0.12451
2021-11-17,7.1479,0.0334,0.46946
2021-11-16,7.1145,-0.0315,-0.44081
2021-11-15,7.146,0.0109,0.15277
2021-11-14,7.1351,-0.0031,-0.04343
2021-11-11,7.1382,0.0242,0.34017
2021-11-10,7.114,0.043,0.60812
2021-11-09,7.071,-0.0576,-0.80801
2021-11-08,7.1286,-0.0182,-0.25466
2021-11-07,7.1468,0.011,0.15415
2021-11-04,7.1358,0.0013,0.01822
2021-11-03,7.1345,0.0599,0.84669
2021-11-02,7.0746,0.0151,0.2139
2021-11-01,7.0595,0.0027,0.03826
2021-10-31,7.0568,0.0043,0.06097
2021-10-28,7.0525,0.0021,0.02979
2021-10-27,7.0504,0.0232,0.33015
2021-10-26,7.0272,0.0019,0.02705
2021-10-25,7.0253,0.0071,0.10117
2021-10-24,7.0182,0.0159,0.22707
2021-10-21,7.0023,-0.0149,-0.21234
2021-10-20,7.0172,0.0073,0.10414
2021-10-19,7.0099,-0.0059,-0.0841
2021-10-18,7.0158,0.0071,0.1013
2021-10-17,7.0087,0.0067,0.09569
2021-10-14,7.002,0.0235,0.33675
2021-10-13,6.9785,0.058,0.83809
2021-10-12,6.9205,0.0173,0.25061
2021-10-11,6.9032,-0.0415,-0.59758
2021-10-07,6.9447,-0.0126,-0.1811
2021-10-06,6.9573,-0.0017,-0.02443
2021-10-05,6.959,0.0033,0.04744
2021-10-04,6.9557,-0.0331,-0.47361
2021-10-03,6.9888,-0.0116,-0.1657
2021-09-30,7.0004,0.006,0.08578
2021-09-29,6.9944,0.0025,0.03576
2021-09-28,6.9919,0.0075,0.10738
2021-09-27,6.9844,-0.0499,-0.70938
2021-09-26,7.0343,-0.03,-0.42467
2021-09-23,7.0643,-0.0443,-0.62319
2021-09-22,7.1086,-0.0507,-0.70817
2021-09-21,7.1593,0.0076,0.10627
2021-09-16,7.1517,-0.0181,-0.25245
2021-09-15,7.1698,-0.0082,-0.11424
2021-09-14,7.178,-0.0088,-0.12245
2021-09-13,7.1868,0.0252,0.35188
2021-09-12,7.1616,0.0158,0.22111
2021-09-09,7.1458,-0.0172,-0.24012
2021-09-08,7.163,0.0297,0.41636
2021-09-07,7.1333,0.0095,0.13336
2021-09-06,7.1238,-0.0408,-0.56947
2021-09-05,7.1646,-0.0029,-0.04046
2021-09-02,7.1675,-0.0192,-0.26716
2021-09-01,7.1867,0.011,0.1533
2021-08-31,7.1757,0.0024,0.03346
2021-08-30,7.1733,-0.0034,-0.04738
2021-08-29,7.1767,0.0132,0.18427
2021-08-26,7.1635,0.0182,0.25471
2021-08-25,7.1453,0.0052,0.07283
2021-08-24,7.1401,-0.0087,-0.1217
2021-08-23,7.1488,-0.0076,-0.1062
2021-08-22,7.1564,0.0079,0.11051
2021-08-19,7.1485,0.006,0.084
2021-08-18,7.1425,0.0184,0.25828
2021-08-17,7.1241,0.0102,0.14338
2021-08-16,7.1139,-0.0008,-0.01124
2021-08-15,7.1147,0.0146,0.20563
2021-08-12,7.1001,0.0337,0.4769
2021-08-11,7.0664,0.0005,0.00708
2021-08-10,7.0659,-0.0077,-0.10886
2021-08-09,7.0736,-0.0209,-0.29459
2021-08-08,7.0945,-0.0137,-0.19274
2021-08-05,7.1082,-0.0621,-0.86607
2021-08-04,7.1703,-0.016,-0.22265
2021-08-03,7.1863,0.0103,0.14353
2021-08-02,7.176,-0.0005,-0.00697
2021-08-01,7.1765,0.0346,0.48446
2021-07-29,7.1419,0.0111,0.15566
2021-07-28,7.1308,-0.0067,-0.09387
2021-07-27,7.1375,-0.0047,-0.06581
2021-07-26,7.1422,0.0179,0.25125
2021-07-25,7.1243,-0.0098,-0.13737
2021-07-22,7.1341,-0.0105,-0.14696
2021-07-21,7.1446,0.0189,0.26524
2021-07-20,7.1257,-0.0267,-0.3733
2021-07-19,7.1524,-0.0319,-0.44402
2021-07-18,7.1843,0.0477,0.66839
2021-07-15,7.1366,-0.0012,-0.01681
2021-07-14,7.1378,0.0304,0.42772
2021-07-13,7.1074,0.0194,0.2737
2021-07-12,7.088,-0.0232,-0.32625
2021-07-11,7.1112,0.0031,0.04361
2021-07-08,7.1081,-0.0199,-0.27918
2021-07-07,7.128,0.0086,0.1208
2021-07-06,7.1194,0.0016,0.02248
2021-07-05,7.1178,0.0133,0.18721
2021-07-04,7.1045,0.0032,0.04506
2021-07-01,7.1013,0.0051,0.07187
2021-06-30,7.0962,-0.0007,-0.00986
2021-06-29,7.0969,0.0042,0.05922
2021-06-28,7.0927,-0.0005,-0.00705
2021-06-27,7.0932,0.0135,0.19069
2021-06-24,7.0797,-0.0158,-0.22268
2021-06-23,7.0955,0.0044,0.06205
2021-06-22,7.0911,-0.0056,-0.07891
2021-06-21,7.0967,-0.0012,-0.01691
2021-06-20,7.0979,-0.0004,-0.00564
2021-06-17,7.0983,0.0003,0.00423
2021-06-16,7.098,-0.0014,-0.01972
2021-06-15,7.0994,-0.0233,-0.32712
2021-06-14,7.1227,-0.03,-0.41942
2021-06-10,7.1527,0.0139,0.19471
2021-06-09,7.1388,0.0227,0.31899
2021-06-08,7.1161,0.02,0.28184
2021-06-07,7.0961,0.0133,0.18778
2021-06-06,7.0828,0.0231,0.32721
2021-06-03,7.0597,0.0124,0.17595
2021-06-02,7.0473,-0.0111,-0.15726
2021-06-01,7.0584,0.0076,0.10779
2021-05-31,7.0508,-0.0014,-0.01985
2021-05-30,7.0522,0.0066,0.09368
2021-05-27,7.0456,-0.0004,-0.00568
2021-05-26,7.046,0.008,0.11367
2021-05-25,7.038,0.0239,0.34074
2021-05-24,7.0141,0.0114,0.16279
2021-05-23,7.0027,0.0093,0.13298
2021-05-20,6.9934,0.0085,0.12169
2021-05-19,6.9849,0.0279,0.40103
2021-05-18,6.957,-0.0209,-0.29952
2021-05-17,6.9779,0.0011,0.01577
2021-05-16,6.9768,0.0114,0.16367
2021-05-13,6.9654,0.0406,0.5863
2021-05-12,6.9248,-0.0184,-0.26501
2021-05-11,6.9432,-0.0429,-0.61408
2021-05-10,6.9861,-0.0255,-0.36368
2021-05-09,7.0116,-0.0183,-0.26032
2021-05-06,7.0299,-0.0001,-0.00142
2021-05-05,7.03,0.0177,0.25241
2021-05-04,7.0123,-0.0009,-0.01283
2021-05-03,7.0132,-0.0216,-0.30704
2021-05-02,7.0348,-0.0246,-0.34847
2021-04-28,7.0594,0.0183,0.2599
2021-04-27,7.0411,-0.0141,-0.19985
2021-04-26,7.0552,-0.013,-0.18392
2021-04-25,7.0682,-0.002,-0.02829
2021-04-22,7.0702,0.022,0.31214
2021-04-21,7.0482,-0.0041,-0.05814
2021-04-20,7.0523,-0.0038,-0.05385
2021-04-19,7.0561,-0.0279,-0.39385
2021-04-18,7.084,-0.0071,-0.10013
2021-04-15,7.0911,0.0334,0.47324
2021-04-14,7.0577,0.029,0.41259
2021-04-13,7.0287,0.0054,0.07689
2021-04-12,7.0233,0.017,0.24264
2021-04-11,7.0063,0.0048,0.06856
2021-04-08,7.0015,-0.0208,-0.2962
2021-04-07,7.0223,0.0293,0.41899
2021-04-06,6.993,0.0156,0.22358
2021-04-05,6.9774,0.0427,0.61574
2021-03-31,6.9347,0.0353,0.51164
2021-03-30,6.8994,0.0165,0.23972
2021-03-29,6.8829,-0.0208,-0.30129
2021-03-28,6.9037,-0.0131,-0.18939
2021-03-25,6.9168,0.0219,0.31763
2021-03-24,6.8949,-0.005,-0.07246
2021-03-23,6.8999,-0.0215,-0.31063
2021-03-22,6.9214,-0.0046,-0.06642
2021-03-21,6.926,0.0235,0.34046
2021-03-18,6.9025,0.0056,0.0812
2021-03-17,6.8969,-0.0349,-0.50348
2021-03-16,6.9318,-0.001,-0.01442
2021-03-15,6.9328,0.0211,0.30528
2021-03-14,6.9117,-0.0022,-0.03182
2021-03-11,6.9139,-0.0125,-0.18047
2021-03-10,6.9264,0.0323,0.46852
2021-03-09,6.8941,0.0127,0.18456
2021-03-08,6.8814,-0.0138,-0.20014
2021-03-07,6.8952,-0.0522,-0.75136
2021-03-04,6.9474,-0.045,-0.64356
2021-03-03,6.9924,-0.0082,-0.11713
2021-03-02,7.0006,0.0013,0.01857
2021-03-01,6.9993,0.0054,0.07721
2021-02-25,6.9939,-0.0213,-0.30363
2021-02-24,7.0152,0.0054,0.07704
2021-02-23,7.0098,-0.0087,-0.12396
2021-02-22,7.0185,-0.0128,-0.18204
2021-02-21,7.0313,-0.022,-0.31191
2021-02-18,7.0533,-0.0009,-0.01276
2021-02-17,7.0542,0.0018,0.02552
2021-02-16,7.0524,-0.0407,-0.5738
2021-02-08,7.0931,-0.009,-0.12672
2021-02-07,7.1021,-0.0084,-0.11814
2021-02-04,7.1105,-0.0075,-0.10537
2021-02-03,7.118,-0.0085,-0.11927
2021-02-02,7.1265,0.0037,0.05195
2021-02-01,7.1228,-0.0072,-0.10098
2021-01-31,7.13,-0.0085,-0.11907
2021-01-28,7.1385,0.0306,0.43051
2021-01-27,7.1079,-0.0002,-0.00281
2021-01-26,7.1081,-0.0073,-0.10259
2021-01-25,7.1154,0.0022,0.03093
2021-01-24,7.1132,0.0131,0.1845
2021-01-21,7.1001,-0.006,-0.08443
2021-01-20,7.1061,0.0097,0.13669
2021-01-19,7.0964,0.0149,0.21041
2021-01-18,7.0815,0.0074,0.10461
2021-01-17,7.0741,0.0019,0.02687
2021-01-14,7.0722,-0.0047,-0.06641
2021-01-13,7.0769,0.0086,0.12167
2021-01-12,7.0683,-0.0029,-0.04101
2021-01-11,7.0712,-0.0233,-0.32842
2021-01-10,7.0945,-0.0161,-0.22642
2021-01-07,7.1106,-0.02,-0.28048
2021-01-06,7.1306,-0.0149,-0.20852
2021-01-05,7.1455,-0.0155,-0.21645
2021-01-04,7.161,-0.022,-0.30628
2021-01-03,7.183,0.0278,0.38853
2020-12-30,7.1552,-0.0039,-0.05448
2020-12-29,7.1591,0.0066,0.09228
2020-12-28,7.1525,0.006,0.08396
2020-12-27,7.1465,-0.011,-0.15368
2020-12-23,7.1575,-0.0025,-0.03492
2020-12-22,7.16,0.0057,0.07967
2020-12-21,7.1543,0.0072,0.10074
2020-12-20,7.1471,-0.0117,-0.16344
2020-12-17,7.1588,0.0048,0.0671
2020-12-16,7.154,0.0046,0.06434
2020-12-15,7.1494,0.008,0.11202
2020-12-14,7.1414,-0.002,-0.028
2020-12-13,7.1434,0.0096,0.13457
2020-12-10,7.1338,0.0104,0.146
2020-12-09,7.1234,0.0008,0.01123
2020-12-08,7.1226,0.0032,0.04495
2020-12-07,7.1194,-0.0011,-0.01545
2020-12-06,7.1205,-0.0179,-0.25076
2020-12-03,7.1384,0.0168,0.2359
2020-12-02,7.1216,0.0185,0.26045
2020-12-01,7.1031,0.0091,0.12828
2020-11-30,7.094,0.0094,0.13268
2020-11-29,7.0846,-0.0001,-0.00141
2020-11-26,7.0847,0.0195,0.276
2020-11-25,7.0652,-0.0054,-0.07637
2020-11-24,7.0706,0.0224,0.31781
2020-11-23,7.0482,0.0334,0.47614
2020-11-22,7.0148,0.0091,0.12989
2020-11-19,7.0057,0.0035,0.04998
2020-11-18,7.0022,0.0107,0.15304
2020-11-17,6.9915,-0.0065,-0.09288
2020-11-16,6.998,-0.0031,-0.04428
2020-11-15,7.0011,0.025,0.35837
2020-11-12,6.9761,0.0126,0.18094
2020-11-11,6.9635,-0.0012,-0.01723
2020-11-10,6.9647,0.0361,0.52103
2020-11-09,6.9286,-0.0174,-0.2505
2020-11-08,6.946,0.0024,0.03456
2020-11-05,6.9436,-0.017,-0.24423
2020-11-04,6.9606,0.0922,1.34238
2020-11-03,6.8684,0.0876,1.29188
2020-11-02,6.7808,0.048,0.71293
2020-11-01,6.7328,0.0005,0.00743
2020-10-29,6.7323,-0.0354,-0.52307
2020-10-28,6.7677,0.0107,0.15835
2020-10-27,6.757,-0.0648,-0.9499
2020-10-26,6.8218,0.011,0.16151
2020-10-25,6.8108,-0.0192,-0.28111
2020-10-22,6.83,-0.0057,-0.08339
2020-10-21,6.8357,-0.0121,-0.1767
2020-10-20,6.8478,-0.0089,-0.1298
2020-10-19,6.8567,-0.0094,-0.1369
2020-10-18,6.8661,-0.014,-0.20349
2020-10-15,6.8801,-0.0049,-0.07117
2020-10-14,6.885,-0.0338,-0.48852
2020-10-13,6.9188,-0.0204,-0.29398
2020-10-12,6.9392,0.0006,0.00865
2020-10-11,6.9386,0.0702,1.02207
2020-10-07,6.8684,0.0225,0.32866
2020-10-06,6.8459,0.0337,0.4947
2020-10-05,6.8122,-0.0132,-0.1934
2020-10-04,6.8254,0.0214,0.31452
2020-09-29,6.804,-0.0039,-0.05729
2020-09-28,6.8079,-0.0129,-0.18913
2020-09-27,6.8208,0.0096,0.14094
2020-09-24,6.8112,0.0178,0.26202
2020-09-23,6.7934,-0.0313,-0.45863
2020-09-22,6.8247,-0.0384,-0.55951
2020-09-21,6.8631,-0.0255,-0.37018
2020-09-20,6.8886,-0.0583,-0.83922
2020-09-17,6.9469,-0.0281,-0.40287
2020-09-16,6.975,-0.029,-0.41405
2020-09-15,7.004,-0.0221,-0.31454
2020-09-14,7.0261,0.0006,0.00854
2020-09-13,7.0255,-0.0034,-0.04837
2020-09-10,7.0289,-0.0051,-0.0725
2020-09-09,7.034,-0.0069,-0.098
2020-09-08,7.0409,-0.0013,-0.01846
2020-09-07,7.0422,-0.0219,-0.31002
2020-09-06,7.0641,-0.0262,-0.36952
2020-09-03,7.0903,-0.0054,-0.0761
2020-09-02,7.0957,0.0179,0.2529
2020-09-01,7.0778,0.0231,0.32744
2020-08-31,7.0547,0.0204,0.29001
2020-08-30,7.0343,0.0092,0.13096
2020-08-27,7.0251,-0.003,-0.04269
2020-08-26,7.0281,-0.0041,-0.0583
2020-08-25,7.0322,-0.0082,-0.11647
2020-08-24,7.0404,0.0056,0.0796
2020-08-23,7.0348,0.0104,0.14806
2020-08-20,7.0244,-0.0028,-0.03985
2020-08-19,7.0272,-0.0005,-0.00711
2020-08-18,7.0277,0.0034,0.0484
2020-08-17,7.0243,0.0008,0.01139
2020-08-16,7.0235,-0.0127,-0.1805
2020-08-13,7.0362,-0.0134,-0.19008
2020-08-12,7.0496,0.0023,0.03264
2020-08-11,7.0473,-0.0016,-0.0227
2020-08-10,7.0489,0.0082,0.11647
2020-08-09,7.0407,0.001,0.01421
2020-08-06,7.0397,-0.0121,-0.17159
2020-08-05,7.0518,0.0134,0.19038
2020-08-04,7.0384,0.017,0.24212
2020-08-03,7.0214,0.0242,0.34585
2020-08-02,6.9972,0.004,0.0572
2020-07-30,6.9932,0.013,0.18624
2020-07-29,6.9802,0.0061,0.08747
2020-07-28,6.9741,0.002,0.02869
2020-07-27,6.9721,0.0018,0.02582
2020-07-26,6.9703,0.0081,0.11634
2020-07-23,6.9622,-0.002,-0.02872
2020-07-22,6.9642,0.0163,0.2346
2020-07-21,6.9479,0.0166,0.23949
2020-07-20,6.9313,0.0327,0.47401
2020-07-19,6.8986,0.0101,0.14662
2020-07-16,6.8885,0.0089,0.12937
2020-07-15,6.8796,0.0063,0.09166
2020-07-14,6.8733,0.0051,0.07426
2020-07-13,6.8682,-0.0028,-0.04075
2020-07-12,6.871,-0.0006,-0.00873
2020-07-09,6.8716,-0.0109,-0.15837
2020-07-08,6.8825,-0.0012,-0.01743
2020-07-07,6.8837,0.0027,0.03924
2020-07-06,6.881,-0.0119,-0.17264
2020-07-05,6.8929,0.0136,0.19769
2020-07-02,6.8793,0.0073,0.10623
2020-07-01,6.872,0.0197,0.28749
2020-06-30,6.8523,0.0017,0.02482
2020-06-29,6.8506,0.0038,0.0555
2020-06-28,6.8468,-0.0208,-0.30287
2020-06-23,6.8676,0.0031,0.04516
2020-06-22,6.8645,0.0044,0.06414
2020-06-21,6.8601,0.0082,0.11967
2020-06-18,6.8519,0.0076,0.11104
2020-06-17,6.8443,-0.0011,-0.01607
2020-06-16,6.8454,0.0041,0.05993
2020-06-15,6.8413,0.0366,0.53786
2020-06-14,6.8047,-0.0233,-0.34124
2020-06-11,6.828,-0.018,-0.26293
2020-06-10,6.846,-0.0267,-0.38849
2020-06-09,6.8727,-0.0122,-0.1772
2020-06-08,6.8849,0.0124,0.18043
2020-06-07,6.8725,0.0468,0.68564
2020-06-04,6.8257,-0.0103,-0.15067
2020-06-03,6.836,0.0264,0.38769
2020-06-02,6.8096,0.0357,0.52702
2020-06-01,6.7739,0.0298,0.44187
2020-05-31,6.7441,-0.0037,-0.05483
2020-05-28,6.7478,0.009,0.13355
2020-05-27,6.7388,-0.0068,-0.10081
2020-05-26,6.7456,0.0216,0.32124
2020-05-25,6.724,0.0154,0.22956
2020-05-24,6.7086,0.0042,0.06265
2020-05-21,6.7044,0.012,0.17931
2020-05-20,6.6924,0.033,0.49554
2020-05-19,6.6594,0.0363,0.54808
2020-05-18,6.6231,0.0456,0.69327
2020-05-17,6.5775,0.0276,0.42138
2020-05-14,6.5499,0.0107,0.16363
2020-05-13,6.5392,-0.0225,-0.3429
2020-05-12,6.5617,0.0096,0.14652
2020-05-11,6.5521,0.0261,0.39994
2020-05-10,6.526,0.0126,0.19345
2020-05-07,6.5134,-0.0039,-0.05984
2020-05-06,6.5173,0.0015,0.02302
2020-05-05,6.5158,0.0145,0.22303
2020-05-04,6.5013,0.0214,0.33025
2020-05-03,6.4799,0.0058,0.08959
2020-04-29,6.4741,0.0379,0.58886
2020-04-28,6.4362,0.0005,0.00777
2020-04-27,6.4357,-0.0132,-0.20469
2020-04-26,6.4489,-0.0138,-0.21353
2020-04-23,6.4627,0.0047,0.07278
2020-04-22,6.458,0.0011,0.01704
2020-04-21,6.4569,-0.0303,-0.46707
2020-04-20,6.4872,-0.0245,-0.37625
2020-04-19,6.5117,-0.0087,-0.13343
2020-04-16,6.5204,0.02,0.30767
2020-04-15,6.5004,-0.0181,-0.27767
2020-04-14,6.5185,0.0005,0.00767
2020-04-13,6.518,0.084,1.30556
2020-04-08,6.434,0.0326,0.50926
2020-04-07,6.4014,0.0425,0.66835
2020-04-06,6.3589,0.0096,0.1512
2020-04-05,6.3493,0.1079,1.72878
2020-03-31,6.2414,-0.1084,-1.70714
2020-03-30,6.3498,0.01,0.15773
2020-03-29,6.3398,-0.0062,-0.0977
2020-03-26,6.346,0.0184,0.29079
2020-03-25,6.3276,0.1558,2.52439
2020-03-24,6.1718,0.1442,2.39233
2020-03-23,6.0276,0.0501,0.83814
2020-03-22,5.9775,-0.0987,-1.62437
2020-03-19,6.0762,-0.0462,-0.75461
2020-03-18,6.1224,-0.1971,-3.11892
2020-03-17,6.3195,-0.1925,-2.95608
2020-03-16,6.512,-0.0706,-1.07252
2020-03-15,6.5826,-0.2153,-3.16715
2020-03-12,6.7979,-0.0316,-0.4627
2020-03-11,6.8295,-0.2486,-3.51224
2020-03-10,7.0781,-0.0686,-0.95988
2020-03-09,7.1467,-0.124,-1.70548
2020-03-08,7.2707,-0.268,-3.55499
2020-03-05,7.5387,-0.1377,-1.79381
2020-03-04,7.6764,-0.013,-0.16906
2020-03-03,7.6894,0.031,0.40478
2020-03-02,7.6584,0.0165,0.21591
2020-03-01,7.6419,-0.0645,-0.83697
2020-02-26,7.7064,-0.0639,-0.82236
2020-02-25,7.7703,-0.0386,-0.49431
2020-02-24,7.8089,-0.0352,-0.44874
2020-02-23,7.8441,-0.0284,-0.36075
2020-02-20,7.8725,0.0017,0.0216
2020-02-19,7.8708,0.012,0.1527
2020-02-18,7.8588,0.0142,0.18102
2020-02-17,7.8446,0.0004,0.0051
2020-02-16,7.8442,0.0082,0.10465
2020-02-13,7.836,0.0101,0.12906
2020-02-12,7.8259,0.0056,0.07161
2020-02-11,7.8203,0.0086,0.11009
2020-02-10,7.8117,0.0094,0.12048
2020-02-09,7.8023,-0.0043,-0.05508
2020-02-06,7.8066,-0.0313,-0.39934
2020-02-05,7.8379,0.0138,0.17638
2020-02-04,7.8241,0.0069,0.08827
2020-02-03,7.8172,0.0104,0.13322
2020-02-02,7.8068,-0.0032,-0.04097
2020-01-30,7.81,0.0076,0.09741
2020-01-29,7.8024,-0.0059,-0.07556
2020-01-21,7.8083,0.005,0.06408
2020-01-20,7.8033,-0.0013,-0.01666
2020-01-19,7.8046,-0.0002,-0.00256
2020-01-16,7.8048,0.0069,0.08849
2020-01-15,7.7979,0.0085,0.10912
2020-01-14,7.7894,0.0054,0.06937
2020-01-13,7.784,0.0044,0.05656
2020-01-12,7.7796,0.0106,0.13644
2020-01-09,7.769,0.007,0.09018
2020-01-08,7.762,0.0131,0.16906
2020-01-07,7.7489,-0.0282,-0.3626
2020-01-06,7.7771,0.0082,0.10555
2020-01-05,7.7689,-0.0041,-0.05275
2020-01-02,7.773,0.005,0.06437
2020-01-01,7.768,0.0092,0.11858
2019-12-30,7.7588,0.0009,0.0116
2019-12-29,7.7579,0.0052,0.06707
2019-12-26,7.7527,0.008,0.1033
2019-12-23,7.7447,0.0035,0.04521
2019-12-22,7.7412,0.0061,0.07886
2019-12-19,7.7351,0.0033,0.04268
2019-12-18,7.7318,0.0018,0.02329
2019-12-17,7.73,0.0093,0.12046
2019-12-16,7.7207,0.0099,0.12839
2019-12-15,7.7108,0.0037,0.04801
2019-12-12,7.7071,0.0074,0.09611
2019-12-11,7.6997,0.0038,0.04938
2019-12-10,7.6959,0.0116,0.15096
2019-12-09,7.6843,0.0107,0.13944
2019-12-08,7.6736,0.0068,0.08869
2019-12-05,7.6668,-0.0222,-0.28872
2019-12-04,7.689,0.0044,0.05726
2019-12-03,7.6846,0.0033,0.04296
2019-12-02,7.6813,-0.0089,-0.11573
2019-12-01,7.6902,-0.0058,-0.07536
2019-11-28,7.696,-0.0025,-0.03247
2019-11-27,7.6985,-0.0016,-0.02078
2019-11-26,7.7001,0.001,0.01299
2019-11-25,7.6991,0.0044,0.05718
2019-11-24,7.6947,0.0024,0.0312
2019-11-21,7.6923,0.0,0.0
2019-11-20,7.6923,0.0015,0.0195
2019-11-19,7.6908,-0.0061,-0.07925
2019-11-18,7.6969,-0.0123,-0.15955
2019-11-17,7.7092,-0.0058,-0.07518
2019-11-14,7.715,0.0,0.0
2019-11-13,7.715,0.0168,0.21823
2019-11-12,7.6982,0.0008,0.01039
2019-11-11,7.6974,-0.0062,-0.08048
2019-11-10,7.7036,0.0018,0.02337
2019-11-07,7.7018,-0.0042,-0.0545
2019-11-06,7.706,-0.0401,-0.51768
2019-11-05,7.7461,0.0029,0.03745
2019-11-04,7.7432,-0.0162,-0.20878
2019-11-03,7.7594,-0.0022,-0.02834
2019-10-31,7.7616,0.0068,0.08769
2019-10-30,7.7548,-0.0036,-0.0464
2019-10-29,7.7584,0.0006,0.00773
2019-10-28,7.7578,-0.0118,-0.15187
2019-10-27,7.7696,-0.0049,-0.06303
2019-10-24,7.7745,-0.0004,-0.00514
2019-10-23,7.7749,0.0022,0.0283
2019-10-22,7.7727,0.0084,0.10819
2019-10-21,7.7643,0.006,0.07734
2019-10-20,7.7583,-0.004,-0.05153
2019-10-17,7.7623,-0.0072,-0.09267
2019-10-16,7.7695,-0.0012,-0.01544
2019-10-15,7.7707,0.008,0.10306
2019-10-14,7.7627,0.0111,0.1432
2019-10-13,7.7516,-0.036,-0.46227
2019-10-08,7.7876,-0.0059,-0.0757
2019-10-07,7.7935,-0.0137,-0.17548
2019-10-06,7.8072,-0.039,-0.49706
2019-10-03,7.8462,-0.0032,-0.04077
2019-10-02,7.8494,0.0046,0.05864
2019-10-01,7.8448,-0.005,-0.0637
2019-09-30,7.8498,-0.0026,-0.03311
2019-09-26,7.8524,0.0034,0.04332
2019-09-25,7.849,-0.0008,-0.01019
2019-09-24,7.8498,-0.0206,-0.26174
2019-09-23,7.8704,-0.0116,-0.14717
2019-09-22,7.882,0.0154,0.19576
2019-09-19,7.8666,0.0061,0.0776
2019-09-18,7.8605,0.0041,0.05219
2019-09-17,7.8564,0.0064,0.08153
2019-09-16,7.85,0.0061,0.07777
2019-09-15,7.8439,-0.0297,-0.37721
2019-09-11,7.8736,-0.0155,-0.19647
2019-09-10,7.8891,-0.0127,-0.16072
2019-09-09,7.9018,-0.0208,-0.26254
2019-09-08,7.9226,-0.0014,-0.01767
2019-09-05,7.924,-0.0326,-0.40972
2019-09-04,7.9566,-0.0038,-0.04774
2019-09-03,7.9604,0.0097,0.122
2019-09-02,7.9507,0.0107,0.13476
2019-09-01,7.94,-0.0003,-0.00378
2019-08-29,7.9403,0.0011,0.01386
2019-08-28,7.9392,0.0005,0.0063
2019-08-27,7.9387,0.0028,0.03528
2019-08-26,7.9359,-0.0016,-0.02016
2019-08-25,7.9375,0.0036,0.04537
2019-08-22,7.9339,0.0078,0.09841
2019-08-21,7.9261,0.0127,0.16049
2019-08-20,7.9134,0.0074,0.0936
2019-08-19,7.906,0.0109,0.13806
2019-08-18,7.8951,-0.0061,-0.0772
2019-08-15,7.9012,0.0073,0.09248
2019-08-14,7.8939,-0.0025,-0.03166
2019-08-13,7.8964,-0.0235,-0.29672
2019-08-12,7.9199,-0.0081,-0.10217
2019-08-11,7.928,-0.0152,-0.19136
2019-08-07,7.9432,-0.0084,-0.10564
2019-08-06,7.9516,-0.0213,-0.26715
2019-08-05,7.9729,-0.0212,-0.2652
2019-08-04,7.9941,0.0123,0.1541
2019-08-01,7.9818,0.0148,0.18577
2019-07-31,7.967,0.0062,0.07788
2019-07-30,7.9608,0.0051,0.0641
2019-07-29,7.9557,-0.0102,-0.12805
2019-07-28,7.9659,0.0057,0.07161
2019-07-25,7.9602,-0.0054,-0.06779
2019-07-24,7.9656,0.0071,0.08921
2019-07-23,7.9585,0.0081,0.10188
2019-07-22,7.9504,0.0073,0.0919
2019-07-21,7.9431,0.0106,0.13363
2019-07-18,7.9325,0.0002,0.00252
2019-07-17,7.9323,-0.0033,-0.04158
2019-07-16,7.9356,0.0048,0.06052
2019-07-15,7.9308,0.0002,0.00252
2019-07-14,7.9306,0.0056,0.07066
2019-07-11,7.925,0.0051,0.06439
2019-07-10,7.9199,-0.018,-0.22676
2019-07-09,7.9379,-0.0037,-0.04659
2019-07-08,7.9416,-0.0145,-0.18225
2019-07-07,7.9561,0.0048,0.06037
2019-07-04,7.9513,-0.043,-0.53788
2019-07-03,7.9943,0.0042,0.05257
2019-07-02,7.9901,0.0231,0.28995
2019-07-01,7.967,0.0194,0.2441
2019-06-30,7.9476,0.0103,0.12977
2019-06-27,7.9373,0.0054,0.06808
2019-06-26,7.9319,0.0017,0.02144
2019-06-25,7.9302,-0.0018,-0.02269
2019-06-24,7.932,-0.0022,-0.02773
2019-06-23,7.9342,-0.0048,-0.06046
2019-06-20,7.939,-0.0049,-0.06168
2019-06-19,7.9439,0.021,0.26505
2019-06-18,7.9229,-0.0027,-0.03407
2019-06-17,7.9256,0.022,0.27835
2019-06-16,7.9036,-0.0006,-0.00759
2019-06-13,7.9042,0.0092,0.11653
2019-06-12,7.895,0.0068,0.0862
2019-06-11,7.8882,0.0028,0.03551
2019-06-10,7.8854,0.0196,0.24918
2019-06-09,7.8658,-0.0051,-0.0648
2019-06-05,7.8709,0.0102,0.12976
2019-06-04,7.8607,0.0084,0.10698
2019-06-03,7.8523,0.0017,0.02165
2019-06-02,7.8506,-0.0143,-0.18182
2019-05-30,7.8649,-0.0028,-0.03559
2019-05-29,7.8677,0.008,0.10179
2019-05-28,7.8597,0.0072,0.09169
2019-05-27,7.8525,0.0036,0.04587
2019-05-26,7.8489,-0.0062,-0.07893
2019-05-23,7.8551,-0.0039,-0.04962
2019-05-22,7.859,-0.003,-0.03816
2019-05-21,7.862,0.0144,0.1835
2019-05-20,7.8476,0.0166,0.21198
2019-05-19,7.831,0.009,0.11506
2019-05-16,7.822,0.0144,0.18444
2019-05-15,7.8076,0.0151,0.19378
2019-05-14,7.7925,0.0059,0.07577
2019-05-13,7.7866,-0.0027,-0.03466
2019-05-12,7.7893,0.0038,0.04881
2019-05-09,7.7855,-0.0012,-0.01541
2019-05-08,7.7867,-0.002,-0.02568
2019-05-07,7.7887,-0.0409,-0.52238
2019-05-06,7.8296,-0.0058,-0.07402
2019-05-05,7.8354,0.0046,0.05874
2019-05-02,7.8308,0.003,0.03832
2019-05-01,7.8278,-0.0018,-0.02299
2019-04-29,7.8296,0.0072,0.09204
2019-04-28,7.8224,0.0005,0.00639
2019-04-25,7.8219,0.005,0.06396
2019-04-24,7.8169,-0.0159,-0.20299
2019-04-23,7.8328,0.0002,0.00255
2019-04-22,7.8326,0.0015,0.01915
2019-04-17,7.8311,-0.004,-0.05105
2019-04-16,7.8351,0.0039,0.0498
2019-04-15,7.8312,0.001,0.01277
2019-04-14,7.8302,-0.0005,-0.00639
2019-04-11,7.8307,-0.0043,-0.05488
2019-04-10,7.835,-0.0013,-0.01659
2019-04-09,7.8363,0.0011,0.01404
2019-04-08,7.8352,-0.0296,-0.37636
2019-04-07,7.8648,0.0097,0.12349
2019-04-02,7.8551,0.0024,0.03056
2019-04-01,7.8527,0.0096,0.1224
2019-03-31,7.8431,0.0132,0.16858
2019-03-28,7.8299,0.0075,0.09588
2019-03-27,7.8224,-0.0096,-0.12257
2019-03-26,7.832,-0.0035,-0.04467
2019-03-25,7.8355,0.0054,0.06896
2019-03-24,7.8301,-0.0051,-0.06509
2019-03-21,7.8352,-0.0055,-0.07015
2019-03-20,7.8407,0.0175,0.22369
2019-03-19,7.8232,0.0018,0.02301
2019-03-18,7.8214,0.0111,0.14212
2019-03-17,7.8103,0.0072,0.09227
2019-03-14,7.8031,0.0115,0.14759
2019-03-13,7.7916,0.0019,0.02439
2019-03-12,7.7897,0.0077,0.09895
2019-03-11,7.782,0.0176,0.22668
2019-03-10,7.7644,0.0126,0.16254
2019-03-07,7.7518,-0.0438,-0.56186
2019-03-06,7.7956,-0.0032,-0.04103
2019-03-05,7.7988,-0.0005,-0.00641
2019-03-04,7.7993,-0.0016,-0.02051
2019-03-03,7.8009,-0.0079,-0.10117
2019-02-26,7.8088,0.0058,0.07433
2019-02-25,7.803,0.0032,0.04103
2019-02-24,7.7998,0.0105,0.1348
2019-02-21,7.7893,0.0026,0.03339
2019-02-20,7.7867,0.0028,0.03597
2019-02-19,7.7839,0.0058,0.07457
2019-02-18,7.7781,0.0048,0.06175
2019-02-17,7.7733,-0.0009,-0.01158
2019-02-14,7.7742,0.0058,0.07466
2019-02-13,7.7684,-0.0359,-0.46
2019-02-12,7.8043,0.0095,0.12188
2019-02-11,7.7948,0.0053,0.06804
2019-02-10,7.7895,-0.0019,-0.02439
2019-01-31,7.7914,0.016,0.20578
2019-01-30,7.7754,0.0369,0.47684
2019-01-29,7.7385,-0.0051,-0.06586
2019-01-28,7.7436,-0.0035,-0.04518
2019-01-27,7.7471,-0.0021,-0.0271
2019-01-24,7.7492,0.007,0.09041
2019-01-23,7.7422,0.0187,0.24212
2019-01-22,7.7235,0.0169,0.21929
2019-01-21,7.7066,0.0076,0.09871
2019-01-20,7.699,0.0079,0.10272
2019-01-17,7.6911,0.0127,0.1654
2019-01-16,7.6784,0.0059,0.0769
2019-01-15,7.6725,0.0189,0.24694
2019-01-14,7.6536,0.0061,0.07976
2019-01-13,7.6475,0.0072,0.09424
2019-01-10,7.6403,0.007,0.0917
2019-01-09,7.6333,0.0051,0.06686
2019-01-08,7.6282,0.0178,0.23389
2019-01-07,7.6104,-0.0174,-0.22811
2019-01-06,7.6278,0.0295,0.38824
2019-01-03,7.5983,0.0266,0.35131
2019-01-02,7.5717,0.0214,0.28343
2019-01-01,7.5503,0.0098,0.12996
2018-12-27,7.5405,0.0015,0.0199
2018-12-26,7.539,-0.0061,-0.08085
2018-12-23,7.5451,-0.0002,-0.00265
2018-12-20,7.5453,-0.0223,-0.29468
2018-12-19,7.5676,-0.0064,-0.0845
2018-12-18,7.574,-0.0069,-0.09102
2018-12-17,7.5809,-0.0032,-0.04219
2018-12-16,7.5841,-0.0027,-0.03559
2018-12-13,7.5868,-0.0026,-0.03426
2018-12-12,7.5894,0.0083,0.10948
2018-12-11,7.5811,0.0127,0.1678
2018-12-10,7.5684,-0.0005,-0.00661
2018-12-09,7.5689,-0.0026,-0.03434
2018-12-06,7.5715,-0.0279,-0.36713
2018-12-05,7.5994,-0.0131,-0.17209
2018-12-04,7.6125,0.005,0.06572
2018-12-03,7.6075,-0.0009,-0.01183
2018-12-02,7.6084,0.0175,0.23054
2018-11-29,7.5909,0.0091,0.12002
2018-11-28,7.5818,0.0167,0.22075
2018-11-27,7.5651,0.0032,0.04232
2018-11-26,7.5619,-0.0119,-0.15712
2018-11-25,7.5738,-0.0083,-0.10947
2018-11-22,7.5821,-0.0053,-0.06985
2018-11-21,7.5874,0.0042,0.05539
2018-11-20,7.5832,-0.0123,-0.16194
2018-11-19,7.5955,-0.0253,-0.33199
2018-11-18,7.6208,-0.0011,-0.01443
2018-11-15,7.6219,0.0016,0.021
2018-11-14,7.6203,-0.0217,-0.28396
2018-11-13,7.642,-0.009,-0.11763
2018-11-12,7.651,-0.0122,-0.1592
2018-11-11,7.6632,-0.0004,-0.00522
2018-11-08,7.6636,0.0015,0.01958
2018-11-07,7.6621,-0.0076,-0.09909
2018-11-06,7.6697,-0.0239,-0.31065
2018-11-05,7.6936,0.0075,0.09758
2018-11-04,7.6861,0.0101,0.13158
2018-11-01,7.676,-0.007,-0.09111
2018-10-31,7.683,-0.0009,-0.01171
2018-10-30,7.6839,-0.0113,-0.14684
2018-10-29,7.6952,-0.0164,-0.21267
2018-10-28,7.7116,0.0001,0.0013
2018-10-25,7.7115,-0.0029,-0.03759
2018-10-24,7.7144,-0.0051,-0.06607
2018-10-23,7.7195,-0.0107,-0.13842
2018-10-22,7.7302,-0.0034,-0.04396
2018-10-21,7.7336,-0.0119,-0.15364
2018-10-18,7.7455,-0.0138,-0.17785
2018-10-17,7.7593,0.004,0.05158
2018-10-16,7.7553,-0.0017,-0.02192
2018-10-15,7.757,0.0062,0.07999
2018-10-14,7.7508,0.0116,0.14989
2018-10-11,7.7392,-0.0155,-0.19988
2018-10-10,7.7547,0.004,0.05161
2018-10-08,7.7507,-0.0025,-0.03224
2018-10-07,7.7532,-0.0006,-0.00774
2018-10-04,7.7538,-0.0522,-0.66872
2018-10-03,7.806,-0.0156,-0.19945
2018-10-02,7.8216,-0.0015,-0.01917
2018-10-01,7.8231,0.0072,0.09212
2018-09-30,7.8159,-0.0001,-0.00128
2018-09-27,7.816,-0.0004,-0.00512
2018-09-26,7.8164,0.0095,0.12169
2018-09-25,7.8069,0.0119,0.15266
2018-09-24,7.795,0.0001,0.00128
2018-09-20,7.7949,0.011,0.14132
2018-09-19,7.7839,0.0152,0.19566
2018-09-18,7.7687,0.0018,0.02318
2018-09-17,7.7669,-0.0028,-0.03604
2018-09-16,7.7697,0.0069,0.08889
2018-09-13,7.7628,0.0116,0.14965
2018-09-12,7.7512,0.0219,0.28334
2018-09-11,7.7293,0.003,0.03883
2018-09-10,7.7263,-0.0117,-0.1512
2018-09-09,7.738,-0.0016,-0.02067
2018-09-06,7.7396,-0.0262,-0.33738
2018-09-05,7.7658,0.0041,0.05282
2018-09-04,7.7617,-0.015,-0.19288
2018-09-03,7.7767,-0.0188,-0.24116
2018-09-02,7.7955,-0.0098,-0.12556
2018-08-30,7.8053,-0.0176,-0.22498
2018-08-29,7.8229,-0.02,-0.25501
2018-08-28,7.8429,-0.0128,-0.16294
2018-08-27,7.8557,-0.0009,-0.01146
2018-08-26,7.8566,0.0002,0.00255
2018-08-23,7.8564,-0.0026,-0.03308
2018-08-22,7.859,0.0069,0.08787
2018-08-21,7.8521,0.0136,0.1735
2018-08-20,7.8385,0.0046,0.05872
2018-08-19,7.8339,0.003,0.03831
2018-08-16,7.8309,0.0042,0.05366
2018-08-15,7.8267,0.0046,0.05881
2018-08-14,7.8221,-0.0003,-0.00384
2018-08-13,7.8224,-0.01,-0.12767
2018-08-12,7.8324,-0.057,-0.72249
2018-08-09,7.8894,-0.0319,-0.40271
2018-08-08,7.9213,-0.0167,-0.21038
2018-08-07,7.938,-0.0078,-0.09817
2018-08-06,7.9458,-0.0345,-0.43231
2018-08-05,7.9803,-0.0018,-0.02255
2018-08-02,7.9821,0.001,0.01253
2018-08-01,7.9811,-0.0181,-0.22627
2018-07-31,7.9992,-0.0102,-0.12735
2018-07-30,8.0094,-0.0011,-0.01373
2018-07-29,8.0105,0.0059,0.07371
2018-07-26,8.0046,0.0129,0.16142
2018-07-25,7.9917,0.0121,0.15164
2018-07-24,7.9796,0.0056,0.07023
2018-07-23,7.974,0.0089,0.11174
2018-07-22,7.9651,0.0013,0.01632
2018-07-19,7.9638,0.0107,0.13454
2018-07-18,7.9531,0.0,0.0
2018-07-17,7.9531,0.0002,0.00251
2018-07-16,7.9529,-0.0115,-0.14439
2018-07-15,7.9644,0.0129,0.16223
2018-07-12,7.9515,0.0129,0.1625
2018-07-11,7.9386,0.0006,0.00756
2018-07-10,7.938,0.0029,0.03655
2018-07-09,7.9351,0.0097,0.12239
2018-07-08,7.9254,0.0189,0.23904
2018-07-05,7.9065,-0.0209,-0.26364
2018-07-04,7.9274,0.0115,0.14528
2018-07-03,7.9159,0.0038,0.04803
2018-07-02,7.9121,0.0051,0.0645
2018-07-01,7.907,-0.0068,-0.08593
2018-06-28,7.9138,-0.0077,-0.0972
2018-06-27,7.9215,-0.0062,-0.07821
2018-06-26,7.9277,-0.0056,-0.07059
2018-06-25,7.9333,-0.0134,-0.16862
2018-06-24,7.9467,0.0113,0.1424
2018-06-21,7.9354,0.0161,0.2033
2018-06-20,7.9193,0.0204,0.25826
2018-06-19,7.8989,-0.0004,-0.00506
2018-06-18,7.8993,-0.0344,-0.43359
2018-06-14,7.9337,-0.0073,-0.09193
2018-06-13,7.941,-0.001,-0.01259
2018-06-12,7.942,-0.0102,-0.12827
2018-06-11,7.9522,-0.0068,-0.08544
2018-06-10,7.959,-0.0033,-0.04145
2018-06-07,7.9623,-0.0099,-0.12418
2018-06-06,7.9722,-0.0412,-0.51414
2018-06-05,8.0134,-0.012,-0.14953
2018-06-04,8.0254,0.0008,0.00997
2018-06-03,8.0246,-0.0037,-0.04609
2018-05-31,8.0283,-0.0264,-0.32776
2018-05-30,8.0547,-0.0133,-0.16485
2018-05-29,8.068,-0.0035,-0.04336
2018-05-28,8.0715,-0.0065,-0.08047
2018-05-27,8.078,0.0047,0.05822
2018-05-24,8.0733,0.0098,0.12154
2018-05-23,8.0635,0.0061,0.07571
2018-05-22,8.0574,0.0096,0.11929
2018-05-21,8.0478,0.0002,0.00249
2018-05-20,8.0476,-0.0009,-0.01118
2018-05-17,8.0485,-0.0191,-0.23675
2018-05-16,8.0676,-0.0017,-0.02107
2018-05-15,8.0693,-0.0158,-0.19542
2018-05-14,8.0851,-0.0156,-0.19258
2018-05-13,8.1007,0.0078,0.09638
2018-05-10,8.0929,0.0202,0.25023
2018-05-09,8.0727,0.0044,0.05453
2018-05-08,8.0683,-0.0143,-0.17692
2018-05-07,8.0826,-0.0482,-0.59281
2018-05-06,8.1308,0.0037,0.04553
2018-05-03,8.1271,-0.0225,-0.27609
2018-05-02,8.1496,-0.0333,-0.40695
2018-05-01,8.1829,-0.021,-0.25598
2018-04-29,8.2039,-0.0096,-0.11688
2018-04-26,8.2135,-0.005,-0.06084
2018-04-25,8.2185,-0.0071,-0.08632
2018-04-24,8.2256,-0.0177,-0.21472
2018-04-23,8.2433,-0.0056,-0.06789
2018-04-22,8.2489,-0.0188,-0.22739
2018-04-19,8.2677,-0.0172,-0.20761
2018-04-18,8.2849,-0.0067,-0.0808
2018-04-17,8.2916,0.0048,0.05792
2018-04-16,8.2868,-0.0094,-0.1133
2018-04-15,8.2962,0.0126,0.15211
2018-04-12,8.2836,0.0085,0.10272
2018-04-11,8.2751,-0.0201,-0.24231
2018-04-10,8.2952,-0.0021,-0.02531
2018-04-09,8.2973,-0.01,-0.12038
2018-04-08,8.3073,0.0141,0.17002
2018-04-02,8.2932,0.0033,0.03981
2018-03-28,8.2899,0.001,0.01206
2018-03-27,8.2889,0.0096,0.11595
2018-03-26,8.2793,0.0026,0.03141
2018-03-25,8.2767,-0.0002,-0.00242
2018-03-22,8.2769,-0.0046,-0.05555
2018-03-21,8.2815,-0.0002,-0.00241
2018-03-20,8.2817,-0.0041,-0.04948
2018-03-19,8.2858,-0.0167,-0.20114
2018-03-18,8.3025,-0.0141,-0.16954
2018-03-15,8.3166,-0.0036,-0.04327
2018-03-14,8.3202,-0.0149,-0.17876
2018-03-13,8.3351,0.0012,0.0144
2018-03-12,8.3339,-0.0025,-0.02999
2018-03-11,8.3364,0.0047,0.05641
2018-03-08,8.3317,0.0069,0.08288
2018-03-07,8.3248,-0.0078,-0.09361
2018-03-06,8.3326,-0.034,-0.40638
2018-03-05,8.3666,0.0115,0.13764
2018-03-04,8.3551,-0.0023,-0.02752
2018-03-01,8.3574,-0.0144,-0.17201
2018-02-28,8.3718,-0.0075,-0.08951
2018-02-26,8.3793,0.0013,0.01552
2018-02-25,8.378,0.0043,0.05135
2018-02-22,8.3737,0.0037,0.04421
2018-02-21,8.37,0.0001,0.00119
2018-02-20,8.3699,0.0272,0.32603
2018-02-13,8.3427,-0.0099,-0.11853
2018-02-12,8.3526,-0.0033,-0.03949
2018-02-11,8.3559,-0.0223,-0.26617
2018-02-08,8.3782,-0.0458,-0.54368
2018-02-07,8.424,-0.0017,-0.02018
2018-02-06,8.4257,-0.0501,-0.59109
2018-02-05,8.4758,-0.0151,-0.17784
2018-02-04,8.4909,-0.0189,-0.2221
2018-02-01,8.5098,-0.013,-0.15253
2018-01-31,8.5228,0.0075,0.08808
2018-01-30,8.5153,-0.0107,-0.1255
2018-01-29,8.526,-0.005,-0.05861
2018-01-28,8.531,-0.007,-0.08199
2018-01-25,8.538,0.0127,0.14897
2018-01-24,8.5253,-0.0149,-0.17447
2018-01-23,8.5402,-0.0018,-0.02107
2018-01-22,8.542,-0.0005,-0.00585
2018-01-21,8.5425,-0.0049,-0.05733
2018-01-18,8.5474,-0.0235,-0.27418
2018-01-17,8.5709,0.002,0.02334
2018-01-16,8.5689,0.0013,0.01517
2018-01-15,8.5676,0.0079,0.09229
2018-01-14,8.5597,0.0038,0.04441
2018-01-11,8.5559,0.013,0.15217
2018-01-10,8.5429,-0.0048,-0.05616
2018-01-09,8.5477,-0.0027,-0.03158
2018-01-08,8.5504,-0.0025,-0.02923
2018-01-07,8.5529,-0.0298,-0.34721
2018-01-04,8.5827,0.005,0.05829
2018-01-03,8.5777,0.0162,0.18922
2018-01-02,8.5615,0.0117,0.13685
2018-01-01,8.5498,-0.0138,-0.16115
2017-12-28,8.5636,0.0058,0.06777
2017-12-27,8.5578,-0.0064,-0.07473
2017-12-26,8.5642,-0.0007,-0.00817
2017-12-21,8.5649,-0.0065,-0.07583
2017-12-20,8.5714,-0.0028,-0.03266
2017-12-19,8.5742,-0.0018,-0.02099
2017-12-18,8.576,0.0097,0.11323
2017-12-17,8.5663,0.0147,0.1719
2017-12-14,8.5516,0.0033,0.0386
2017-12-13,8.5483,0.0007,0.00819
2017-12-12,8.5476,-0.003,-0.03509
2017-12-11,8.5506,0.0017,0.01989
2017-12-10,8.5489,0.0007,0.00819
2017-12-07,8.5482,-0.003,-0.03508
2017-12-06,8.5512,-0.0355,-0.41343
2017-12-05,8.5867,0.0036,0.04194
2017-12-04,8.5831,-0.0003,-0.0035
2017-12-03,8.5834,0.005,0.05829
2017-11-30,8.5784,-0.0055,-0.06407
2017-11-29,8.5839,-0.006,-0.06985
2017-11-28,8.5899,0.0,0.0
2017-11-27,8.5899,0.0042,0.04892
2017-11-26,8.5857,0.0092,0.10727
2017-11-23,8.5765,0.0067,0.07818
2017-11-22,8.5698,0.0092,0.10747
2017-11-21,8.5606,0.008,0.09354
2017-11-20,8.5526,-0.0046,-0.05376
2017-11-19,8.5572,0.0069,0.0807
2017-11-16,8.5503,0.0111,0.12999
2017-11-15,8.5392,0.0098,0.1149
2017-11-14,8.5294,-0.0131,-0.15335
2017-11-13,8.5425,-0.0065,-0.07603
2017-11-12,8.549,-0.0076,-0.08882
2017-11-09,8.5566,-0.009,-0.10507
2017-11-08,8.5656,-0.012,-0.1399
2017-11-07,8.5776,-0.0098,-0.11412
2017-11-06,8.5874,-0.0482,-0.55815
2017-11-05,8.6356,-0.013,-0.15031
2017-11-02,8.6486,-0.0058,-0.06702
2017-11-01,8.6544,0.0067,0.07748
2017-10-31,8.6477,0.0017,0.01966
2017-10-30,8.646,0.0053,0.06134
2017-10-29,8.6407,-0.002,-0.02314
2017-10-26,8.6427,-0.0094,-0.10864
2017-10-25,8.6521,-0.0145,-0.16731
2017-10-24,8.6666,-0.0096,-0.11065
2017-10-23,8.6762,-0.0027,-0.03111
2017-10-22,8.6789,-0.0062,-0.07139
2017-10-19,8.6851,-0.0013,-0.01497
2017-10-18,8.6864,0.0091,0.10487
2017-10-17,8.6773,0.0026,0.02997
2017-10-16,8.6747,0.0025,0.02883
2017-10-15,8.6722,0.0033,0.03807
2017-10-12,8.6689,0.0036,0.04155
2017-10-11,8.6653,0.0011,0.0127
2017-10-10,8.6642,-0.0448,-0.51441
2017-10-05,8.709,-0.0086,-0.09865
2017-10-04,8.7176,-0.0021,-0.02408
2017-10-02,8.7197,0.0053,0.06082
2017-10-01,8.7144,0.015,0.17243
2017-09-28,8.6994,0.0047,0.05406
2017-09-27,8.6947,0.0033,0.03797
2017-09-26,8.6914,-0.0004,-0.0046
2017-09-25,8.6918,-0.0028,-0.0322
2017-09-24,8.6946,-0.0016,-0.0184
2017-09-21,8.6962,-0.0021,-0.02414
2017-09-20,8.6983,-0.0009,-0.01035
2017-09-19,8.6992,-0.0045,-0.0517
2017-09-18,8.7037,-0.0002,-0.0023
2017-09-17,8.7039,0.0076,0.08739
2017-09-14,8.6963,-0.0027,-0.03104
2017-09-13,8.699,0.0023,0.02645
2017-09-12,8.6967,-0.0008,-0.0092
2017-09-11,8.6975,-0.01,-0.11484
2017-09-10,8.7075,0.0083,0.09541
2017-09-07,8.6992,0.0059,0.06787
2017-09-06,8.6933,-0.0338,-0.3873
2017-09-05,8.7271,0.0189,0.21704
2017-09-04,8.7082,-0.002,-0.02296
2017-09-03,8.7102,-0.0076,-0.08718
2017-08-31,8.7178,0.009,0.10334
2017-08-30,8.7088,0.0139,0.15986
2017-08-29,8.6949,-0.0041,-0.04713
2017-08-28,8.699,0.0127,0.14621
2017-08-27,8.6863,-0.003,-0.03453
2017-08-24,8.6893,0.0055,0.06334
2017-08-23,8.6838,0.0092,0.10606
2017-08-22,8.6746,-0.0011,-0.01268
2017-08-21,8.6757,0.0001,0.00115
2017-08-20,8.6756,0.0045,0.0519
2017-08-17,8.6711,0.0025,0.02884
2017-08-16,8.6686,-0.0011,-0.01269
2017-08-15,8.6697,0.0121,0.13976
2017-08-14,8.6576,0.0066,0.07629
2017-08-13,8.651,0.0011,0.01272
2017-08-10,8.6499,-0.0045,-0.052
2017-08-09,8.6544,-0.003,-0.03465
2017-08-08,8.6574,-0.0108,-0.12459
2017-08-07,8.6682,0.0014,0.01615
2017-08-06,8.6668,-0.0359,-0.41252
2017-08-03,8.7027,0.007,0.0805
2017-08-02,8.6957,0.0036,0.04142
2017-08-01,8.6921,0.0056,0.06447
2017-07-31,8.6865,0.0065,0.07488
2017-07-30,8.68,-0.0086,-0.09898
2017-07-27,8.6886,0.0067,0.07717
2017-07-26,8.6819,-0.0096,-0.11045
2017-07-25,8.6915,0.0057,0.06562
2017-07-24,8.6858,-0.0045,-0.05178
2017-07-23,8.6903,-0.0093,-0.1069
2017-07-20,8.6996,0.0089,0.10241
2017-07-19,8.6907,0.0133,0.15327
2017-07-18,8.6774,0.0154,0.17779
2017-07-17,8.662,0.0017,0.01963
2017-07-16,8.6603,0.0164,0.18973
2017-07-13,8.6439,0.0123,0.1425
2017-07-12,8.6316,0.0096,0.11134
2017-07-11,8.622,-0.0016,-0.01855
2017-07-10,8.6236,0.0109,0.12656
2017-07-09,8.6127,-0.0002,-0.00232
2017-07-06,8.6129,-0.0439,-0.50712
2017-07-05,8.6568,-0.0024,-0.02772
2017-07-04,8.6592,-0.0113,-0.13033
2017-07-03,8.6705,0.0096,0.11084
2017-07-02,8.6609,-0.0057,-0.06577
2017-06-29,8.6666,-0.0004,-0.00462
2017-06-28,8.667,-0.011,-0.12676
2017-06-27,8.678,0.0075,0.0865
2017-06-26,8.6705,0.0109,0.12587
2017-06-25,8.6596,0.0034,0.03928
2017-06-22,8.6562,-0.0028,-0.03234
2017-06-21,8.659,-0.0167,-0.19249
2017-06-20,8.6757,-0.0054,-0.0622
2017-06-19,8.6811,-0.013,-0.14953
2017-06-18,8.6941,-0.0018,-0.0207
2017-06-15,8.6959,0.0089,0.10245
2017-06-14,8.687,0.0016,0.01842
2017-06-13,8.6854,0.0036,0.04147
2017-06-12,8.6818,0.0061,0.07031
2017-06-11,8.6757,0.0108,0.12464
2017-06-08,8.6649,-0.0014,-0.01615
2017-06-07,8.6663,-0.0409,-0.46973
2017-06-06,8.7072,0.0058,0.06666
2017-06-05,8.7014,0.0088,0.10124
2017-06-04,8.6926,0.0049,0.0564
2017-06-01,8.6877,0.0039,0.04491
2017-05-31,8.6838,0.0046,0.053
2017-05-30,8.6792,-0.0005,-0.00576
2017-05-25,8.6797,0.0161,0.18583
2017-05-24,8.6636,-0.008,-0.09226
2017-05-23,8.6716,0.0096,0.11083
2017-05-22,8.662,0.0222,0.25695
2017-05-21,8.6398,-0.0077,-0.08904
2017-05-18,8.6475,-0.0088,-0.10166
2017-05-17,8.6563,-0.0246,-0.28338
2017-05-16,8.6809,0.0085,0.09801
2017-05-15,8.6724,0.002,0.02307
2017-05-14,8.6704,0.0075,0.08658
2017-05-11,8.6629,0.0076,0.08781
2017-05-10,8.6553,0.0016,0.01849
2017-05-09,8.6537,0.0046,0.05318
2017-05-08,8.6491,-0.0247,-0.28477
2017-05-07,8.6738,-0.001,-0.01153
2017-05-04,8.6748,-0.0107,-0.12319
2017-05-03,8.6855,0.0027,0.0311
2017-05-02,8.6828,0.0121,0.13955
2017-05-01,8.6707,-0.0111,-0.12785
2017-04-27,8.6818,0.0201,0.23206
2017-04-26,8.6617,-0.0018,-0.02078
2017-04-25,8.6635,-0.0002,-0.00231
2017-04-24,8.6637,-0.0098,-0.11299
2017-04-23,8.6735,0.0002,0.00231
2017-04-20,8.6733,-0.0041,-0.04725
2017-04-19,8.6774,-0.0001,-0.00115
2017-04-18,8.6775,0.0049,0.0565
2017-04-17,8.6726,0.0193,0.22304
2017-04-12,8.6533,-0.0224,-0.25819
2017-04-11,8.6757,-0.0451,-0.51715
2017-04-10,8.7208,0.0025,0.02868
2017-04-09,8.7183,0.0071,0.0815
2017-04-06,8.7112,0.0092,0.10572
2017-04-05,8.702,0.0314,0.36214
2017-04-04,8.6706,0.0115,0.13281
2017-03-30,8.6591,-0.0021,-0.02425
2017-03-29,8.6612,0.0134,0.15495
2017-03-28,8.6478,0.0211,0.24459
2017-03-27,8.6267,-0.0114,-0.13197
2017-03-26,8.6381,-0.0221,-0.25519
2017-03-23,8.6602,0.007,0.08089
2017-03-22,8.6532,0.0019,0.02196
2017-03-21,8.6513,-0.001,-0.01156
2017-03-20,8.6523,0.0012,0.01387
2017-03-19,8.6511,-0.0064,-0.07392
2017-03-16,8.6575,0.0171,0.19791
2017-03-15,8.6404,0.0066,0.07644
2017-03-14,8.6338,-0.0282,-0.32556
2017-03-13,8.662,-0.0003,-0.00346
2017-03-12,8.6623,-0.0104,-0.11992
2017-03-09,8.6727,-0.0123,-0.14162
2017-03-08,8.685,-0.0171,-0.1965
2017-03-07,8.7021,-0.0482,-0.55084
2017-03-06,8.7503,-0.0223,-0.2542
2017-03-05,8.7726,-0.0005,-0.0057
2017-03-02,8.7731,0.0251,0.28692
2017-03-01,8.748,0.0037,0.04231
2017-02-28,8.7443,0.0155,0.17757
2017-02-23,8.7288,-0.0054,-0.06183
2017-02-22,8.7342,0.0098,0.11233
2017-02-21,8.7244,0.0127,0.14578
2017-02-20,8.7117,0.0021,0.02411
2017-02-19,8.7096,0.004,0.04595
2017-02-16,8.7056,-0.0042,-0.04822
2017-02-15,8.7098,0.001,0.01148
2017-02-14,8.7088,-0.0146,-0.16737
2017-02-13,8.7234,-0.0164,-0.18765
2017-02-12,8.7398,0.0068,0.07787
2017-02-09,8.733,0.0074,0.08481
2017-02-08,8.7256,-0.0389,-0.44384
2017-02-07,8.7645,0.0146,0.16686
2017-02-06,8.7499,0.0166,0.19008
2017-02-05,8.7333,0.0015,0.01718
2017-02-02,8.7318,0.0043,0.04927
2017-02-01,8.7275,-0.0059,-0.06756
2017-01-25,8.7334,0.0008,0.00916
2017-01-24,8.7326,-0.012,-0.13723
2017-01-23,8.7446,0.0016,0.0183
2017-01-22,8.743,-0.0066,-0.07543
2017-01-19,8.7496,-0.0233,-0.26559
2017-01-18,8.7729,-0.0124,-0.14114
2017-01-17,8.7853,0.0004,0.00455
2017-01-16,8.7849,-0.0035,-0.03983
2017-01-15,8.7884,0.015,0.17097
2017-01-12,8.7734,-0.0217,-0.24673
2017-01-11,8.7951,-0.0121,-0.13739
2017-01-10,8.8072,-0.0103,-0.11681
2017-01-09,8.8175,-0.0512,-0.57731
2017-01-08,8.8687,0.0161,0.18187
2017-01-05,8.8526,0.0254,0.28775
2017-01-04,8.8272,-0.0171,-0.19334
2017-01-03,8.8443,0.0186,0.21075
2017-01-02,8.8257,0.0056,0.06349
2016-12-29,8.8201,0.0032,0.03629
2016-12-28,8.8169,0.0085,0.0965
2016-12-27,8.8084,0.0074,0.08408
2016-12-26,8.801,0.0198,0.22548
2016-12-22,8.7812,0.0175,0.19969
2016-12-21,8.7637,0.0107,0.12224
2016-12-20,8.753,0.0148,0.16937
2016-12-19,8.7382,0.0123,0.14096
2016-12-18,8.7259,0.0055,0.06307
2016-12-15,8.7204,-0.0009,-0.01032
2016-12-14,8.7213,-0.0127,-0.14541
2016-12-13,8.734,0.0085,0.09742
2016-12-12,8.7255,0.0017,0.01949
2016-12-11,8.7238,-0.0011,-0.01261
2016-12-08,8.7249,0.0149,0.17107
2016-12-07,8.71,-0.0422,-0.48216
2016-12-06,8.7522,0.0191,0.21871
2016-12-05,8.7331,0.0142,0.16286
2016-12-04,8.7189,0.0223,0.25642
2016-12-01,8.6966,-0.005,-0.05746
2016-11-30,8.7016,-0.0128,-0.14688
2016-11-29,8.7144,0.0142,0.16321
2016-11-28,8.7002,0.0004,0.0046
2016-11-27,8.6998,-0.0133,-0.15264
2016-11-24,8.7131,0.0023,0.0264
2016-11-23,8.7108,0.002,0.02297
2016-11-22,8.7088,-0.0146,-0.16737
2016-11-21,8.7234,-0.0045,-0.05156
2016-11-20,8.7279,-0.0004,-0.00458
2016-11-17,8.7283,0.0067,0.07682
2016-11-16,8.7216,0.012,0.13778
2016-11-15,8.7096,0.0108,0.12416
2016-11-14,8.6988,-0.016,-0.1836
2016-11-13,8.7148,-0.0602,-0.68604
2016-11-10,8.775,-0.0168,-0.19109
2016-11-09,8.7918,-0.0475,-0.53737
2016-11-08,8.8393,-0.0437,-0.49195
2016-11-07,8.883,-0.0159,-0.17867
2016-11-06,8.8989,0.0166,0.18689
2016-11-03,8.8823,-0.0014,-0.01576
2016-11-02,8.8837,-0.0229,-0.25711
2016-11-01,8.9066,-0.0145,-0.16254
2016-10-31,8.9211,-0.0097,-0.10861
2016-10-30,8.9308,-0.0119,-0.13307
2016-10-27,8.9427,-0.0205,-0.22871
2016-10-26,8.9632,-0.0119,-0.13259
2016-10-25,8.9751,-0.0235,-0.26115
2016-10-24,8.9986,-0.009,-0.09992
2016-10-23,9.0076,0.0201,0.22364
2016-10-20,8.9875,0.0228,0.25433
2016-10-19,8.9647,0.0215,0.24041
2016-10-18,8.9432,-0.0185,-0.20643
2016-10-17,8.9617,-0.0079,-0.08808
2016-10-16,8.9696,0.0059,0.06582
2016-10-13,8.9637,-0.0125,-0.13926
2016-10-12,8.9762,0.0144,0.16068
2016-10-11,8.9618,-0.0073,-0.08139
2016-10-10,8.9691,-0.0237,-0.26354
2016-10-06,8.9928,0.0076,0.08458
2016-10-05,8.9852,-0.0025,-0.02782
2016-10-04,8.9877,-0.0047,-0.05227
2016-10-03,8.9924,0.009,0.10018
2016-10-02,8.9834,-0.0011,-0.01224
2016-09-29,8.9845,-0.0007,-0.00779
2016-09-28,8.9852,-0.0007,-0.00779
2016-09-25,8.9859,0.0006,0.00668
2016-09-22,8.9853,0.0024,0.02672
2016-09-21,8.9829,0.039,0.43605
2016-09-20,8.9439,0.0223,0.24996
2016-09-19,8.9216,-0.004,-0.04481
2016-09-18,8.9256,-0.0441,-0.49166
2016-09-13,8.9697,-0.0264,-0.29346
2016-09-12,8.9961,-0.0155,-0.172
2016-09-11,9.0116,-0.0024,-0.02663
2016-09-08,9.014,0.0123,0.13664
2016-09-07,9.0017,-0.0228,-0.25265
2016-09-06,9.0245,-0.0025,-0.02769
2016-09-05,9.027,-0.004,-0.04429
2016-09-04,9.031,-0.0271,-0.29918
2016-09-01,9.0581,-0.0054,-0.05958
2016-08-31,9.0635,-0.0118,-0.13002
2016-08-30,9.0753,-0.0018,-0.01983
2016-08-29,9.0771,-0.0073,-0.08036
2016-08-28,9.0844,0.0207,0.22838
2016-08-25,9.0637,-0.0009,-0.00993
2016-08-24,9.0646,-0.0253,-0.27833
2016-08-23,9.0899,0.0144,0.15867
2016-08-22,9.0755,-0.0161,-0.17709
2016-08-21,9.0916,0.0305,0.3366
2016-08-18,9.0611,0.0329,0.36441
2016-08-17,9.0282,-0.0005,-0.00554
2016-08-16,9.0287,0.0287,0.31889
2016-08-15,9.0,-0.0028,-0.0311
2016-08-14,9.0028,0.005,0.05557
2016-08-11,8.9978,0.0205,0.22835
2016-08-10,8.9773,0.0193,0.21545
2016-08-09,8.958,-0.0129,-0.1438
2016-08-08,8.9709,0.0119,0.13283
2016-08-07,8.959,-0.0327,-0.36367
2016-08-04,8.9917,-0.0029,-0.03224
2016-08-03,8.9946,0.0062,0.06898
2016-08-02,8.9884,-0.0037,-0.04115
2016-08-01,8.9921,-0.0036,-0.04002
2016-07-31,8.9957,-0.0376,-0.41624
2016-07-28,9.0333,-0.0069,-0.07633
2016-07-27,9.0402,-0.0146,-0.16124
2016-07-26,9.0548,-0.0086,-0.09489
2016-07-25,9.0634,-0.0109,-0.12012
2016-07-24,9.0743,0.0128,0.14126
2016-07-21,9.0615,0.0089,0.09831
2016-07-20,9.0526,-0.0032,-0.03534
2016-07-19,9.0558,0.0163,0.18032
2016-07-18,9.0395,-0.0033,-0.03649
2016-07-17,9.0428,-0.0045,-0.04974
2016-07-14,9.0473,-0.0123,-0.13577
2016-07-13,9.0596,-0.0153,-0.1686
2016-07-12,9.0749,0.0009,0.00992
2016-07-11,9.074,0.0202,0.22311
2016-07-10,9.0538,-0.011,-0.12135
2016-07-06,9.0648,-0.0102,-0.1124
2016-07-05,9.075,0.0228,0.25187
2016-07-04,9.0522,0.0272,0.30139
2016-07-03,9.025,0.0094,0.10426
2016-06-30,9.0156,0.0191,0.2123
2016-06-29,8.9965,0.0131,0.14582
2016-06-28,8.9834,0.0234,0.26116
2016-06-27,8.96,-0.0095,-0.10591
2016-06-26,8.9695,0.0018,0.02007
2016-06-23,8.9677,0.0412,0.46155
2016-06-21,8.9265,-0.0039,-0.04367
2016-06-20,8.9304,0.016,0.17948
2016-06-19,8.9144,-0.0007,-0.00785
2016-06-16,8.9151,-0.006,-0.06726
2016-06-15,8.9211,-0.0051,-0.05714
2016-06-14,8.9262,-0.0042,-0.04703
2016-06-13,8.9304,-0.0274,-0.30588
2016-06-12,8.9578,0.0152,0.16997
2016-06-07,8.9426,-0.0338,-0.37654
2016-06-06,8.9764,0.0104,0.11599
2016-06-05,8.966,-0.0082,-0.09137
2016-06-02,8.9742,0.019,0.21217
2016-06-01,8.9552,0.0033,0.03686
2016-05-31,8.9519,0.0007,0.00782
2016-05-30,8.9512,-0.0083,-0.09264
2016-05-29,8.9595,0.0183,0.20467
2016-05-26,8.9412,0.0001,0.00112
2016-05-25,8.9411,-0.0009,-0.01006
2016-05-24,8.942,-0.0021,-0.02348
2016-05-23,8.9441,0.0112,0.12538
2016-05-22,8.9329,-0.0086,-0.09618
2016-05-19,8.9415,-0.0144,-0.16079
2016-05-18,8.9559,-0.017,-0.18946
2016-05-17,8.9729,0.0017,0.01895
2016-05-16,8.9712,0.0079,0.08814
2016-05-12,8.9633,0.0155,0.17323
2016-05-11,8.9478,0.0169,0.18923
2016-05-10,8.9309,-0.0255,-0.28471
2016-05-09,8.9564,0.0201,0.22493
2016-05-08,8.9363,0.0004,0.00448
2016-05-05,8.9359,0.0022,0.02463
2016-05-03,8.9337,0.0042,0.04704
2016-05-02,8.9295,-0.019,-0.21233
2016-04-28,8.9485,0.0157,0.17576
2016-04-27,8.9328,0.0101,0.11319
2016-04-26,8.9227,0.0034,0.03812
2016-04-25,8.9193,-0.0101,-0.11311
2016-04-24,8.9294,-0.0068,-0.07609
2016-04-21,8.9362,-0.0047,-0.05257
2016-04-20,8.9409,0.0183,0.2051
2016-04-19,8.9226,0.0115,0.12905
2016-04-18,8.9111,-0.0081,-0.09082
2016-04-17,8.9192,0.0067,0.07518
2016-04-14,8.9125,-0.0059,-0.06616
2016-04-13,8.9184,0.0329,0.37027
2016-04-12,8.8855,0.0214,0.24142
2016-04-11,8.8641,-0.0248,-0.279
2016-04-10,8.8889,-0.0078,-0.08767
2016-04-07,8.8967,0.0159,0.17904
2016-04-06,8.8808,0.0013,0.01464
2016-04-05,8.8795,0.0092,0.10372
2016-03-31,8.8703,0.0202,0.22825
2016-03-30,8.8501,-0.0003,-0.00339
2016-03-29,8.8504,-0.0253,-0.28505
2016-03-28,8.8757,-0.0092,-0.10355
2016-03-23,8.8849,0.0001,0.00113
2016-03-22,8.8848,0.0103,0.11606
2016-03-21,8.8745,-0.0064,-0.07206
2016-03-20,8.8809,0.0254,0.28683
2016-03-17,8.8555,0.0177,0.20028
2016-03-16,8.8378,-0.0052,-0.0588
2016-03-15,8.843,-0.0017,-0.01922
2016-03-14,8.8447,-0.0009,-0.01017
2016-03-13,8.8456,0.0082,0.09279
2016-03-10,8.8374,-0.002,-0.02263
2016-03-09,8.8394,-0.0073,-0.08252
2016-03-08,8.8467,0.0148,0.16757
2016-03-07,8.8319,-0.025,-0.28227
2016-03-06,8.8569,0.0011,0.01242
2016-03-03,8.8558,0.0099,0.11192
2016-03-02,8.8459,-0.0052,-0.05875
2016-03-01,8.8511,0.0161,0.18223
2016-02-29,8.835,0.0277,0.31451
2016-02-25,8.8073,0.0196,0.22304
2016-02-24,8.7877,-0.0016,-0.0182
2016-02-23,8.7893,0.0011,0.01252
2016-02-22,8.7882,-0.0025,-0.02844
2016-02-21,8.7907,0.0147,0.1675
2016-02-18,8.776,0.0124,0.14149
2016-02-17,8.7636,0.0335,0.38373
2016-02-16,8.7301,0.0304,0.34944
2016-02-15,8.6997,0.0162,0.18656
2016-02-14,8.6835,-0.1285,-1.45824
2016-02-04,8.812,-0.0046,-0.05217
2016-02-03,8.8166,-0.0202,-0.22859
2016-02-02,8.8368,0.0054,0.06115
2016-02-01,8.8314,-0.0141,-0.1594
2016-01-31,8.8455,0.0186,0.21072
2016-01-28,8.8269,0.0027,0.0306
2016-01-27,8.8242,0.0244,0.27728
2016-01-26,8.7998,0.0098,0.11149
2016-01-25,8.79,0.011,0.1253
2016-01-24,8.779,0.0017,0.01937
2016-01-21,8.7773,0.0225,0.257
2016-01-20,8.7548,-0.0185,-0.21087
2016-01-19,8.7733,-0.0235,-0.26714
2016-01-18,8.7968,0.0002,0.00227
2016-01-17,8.7966,-0.0199,-0.22571
2016-01-14,8.8165,-0.0206,-0.23311
2016-01-13,8.8371,-0.0185,-0.20891
2016-01-12,8.8556,-0.0223,-0.25119
2016-01-11,8.8779,-0.0128,-0.14397
2016-01-10,8.8907,-0.0361,-0.4044
2016-01-07,8.9268,-0.0095,-0.10631
2016-01-06,8.9363,-0.0096,-0.10731
2016-01-05,8.9459,0.0232,0.26001
2016-01-04,8.9227,0.0033,0.037
2016-01-03,8.9194,0.0178,0.19996
2015-12-29,8.9016,0.0017,0.0191
2015-12-28,8.8999,0.0091,0.10235
2015-12-27,8.8908,0.006,0.06753
2015-12-23,8.8848,-0.0089,-0.10007
2015-12-22,8.8937,0.007,0.07877
2015-12-21,8.8867,-0.0043,-0.04836
2015-12-20,8.891,-0.0186,-0.20876
2015-12-17,8.9096,0.0092,0.10337
2015-12-16,8.9004,0.0227,0.2557
2015-12-15,8.8777,0.0084,0.09471
2015-12-14,8.8693,-0.0294,-0.33039
2015-12-13,8.8987,-0.0407,-0.45529
2015-12-10,8.9394,-0.0315,-0.35114
2015-12-09,8.9709,-0.0142,-0.15804
2015-12-08,8.9851,-0.0078,-0.08674
2015-12-07,8.9929,-0.0521,-0.57601
2015-12-06,9.045,0.0104,0.11511
2015-12-03,9.0346,-0.0355,-0.3914
2015-12-02,9.0701,-0.0154,-0.1695
2015-12-01,9.0855,0.007,0.07711
2015-11-30,9.0785,-0.0011,-0.01212
2015-11-29,9.0796,-0.0062,-0.06824
2015-11-26,9.0858,0.0143,0.15764
2015-11-25,9.0715,0.0032,0.03529
2015-11-24,9.0683,-0.0141,-0.15525
2015-11-23,9.0824,-0.009,-0.09899
2015-11-22,9.0914,0.0045,0.04952
2015-11-19,9.0869,-0.0071,-0.07807
2015-11-18,9.094,0.0054,0.05942
2015-11-17,9.0886,0.0054,0.05945
2015-11-16,9.0832,0.0073,0.08043
2015-11-15,9.0759,-0.0065,-0.07157
2015-11-12,9.0824,-0.0129,-0.14183
2015-11-11,9.0953,-0.0038,-0.04176
2015-11-10,9.0991,0.0016,0.01759
2015-11-09,9.0975,-0.0254,-0.27842
2015-11-08,9.1229,-0.0602,-0.65555
2015-11-05,9.1831,-0.0183,-0.19888
2015-11-04,9.2014,0.0217,0.23639
2015-11-03,9.1797,0.0133,0.1451
2015-11-02,9.1664,0.0156,0.17048
2015-11-01,9.1508,-0.01,-0.10916
2015-10-29,9.1608,-0.0105,-0.11449
2015-10-28,9.1713,0.0116,0.12664
2015-10-27,9.1597,-0.0034,-0.03711
2015-10-26,9.1631,-0.0062,-0.06762
2015-10-25,9.1693,0.0339,0.37108
2015-10-22,9.1354,0.0036,0.03942
2015-10-21,9.1318,0.0038,0.04163
2015-10-20,9.128,-0.0017,-0.01862
2015-10-19,9.1297,0.01,0.10965
2015-10-18,9.1197,0.0015,0.01645
2015-10-15,9.1182,0.0319,0.35108
2015-10-14,9.0863,-0.0144,-0.15823
2015-10-13,9.1007,-0.0068,-0.07466
2015-10-12,9.1075,0.0173,0.19031
2015-10-11,9.0902,-0.0013,-0.0143
2015-10-07,9.0915,-0.031,-0.33982
2015-10-06,9.1225,0.0272,0.29906
2015-10-05,9.0953,0.0297,0.32761
2015-10-04,9.0656,0.0097,0.10711
2015-10-01,9.0559,0.0155,0.17145
2015-09-30,9.0404,0.0108,0.11961
2015-09-29,9.0296,-0.0864,-0.94778
2015-09-24,9.116,-0.0166,-0.18177
2015-09-23,9.1326,-0.0318,-0.34699
2015-09-22,9.1644,-0.0052,-0.05671
2015-09-21,9.1696,-0.0217,-0.23609
2015-09-20,9.1913,0.0255,0.27821
2015-09-17,9.1658,0.0268,0.29325
2015-09-16,9.139,-0.011,-0.12022
2015-09-15,9.15,0.0019,0.02077
2015-09-14,9.1481,0.0037,0.04046
2015-09-13,9.1444,0.0003,0.00328
2015-09-10,9.1441,-0.0171,-0.18666
2015-09-09,9.1612,0.0084,0.09178
2015-09-08,9.1528,-0.0183,-0.19954
2015-09-07,9.1711,-0.0328,-0.35637
2015-09-06,9.2039,0.0089,0.09679
2015-09-03,9.195,0.011,0.11977
2015-09-02,9.184,0.0046,0.05011
2015-09-01,9.1794,-0.0059,-0.06423
2015-08-31,9.1853,-0.0162,-0.17606
2015-08-30,9.2015,0.0229,0.24949
2015-08-27,9.1786,0.0265,0.28955
2015-08-26,9.1521,0.0174,0.19048
2015-08-25,9.1347,-0.0039,-0.04268
2015-08-24,9.1386,-0.0365,-0.39782
2015-08-23,9.1751,-0.0468,-0.50749
2015-08-20,9.2219,-0.0042,-0.04552
2015-08-19,9.2261,-0.0206,-0.22278
2015-08-18,9.2467,-0.0082,-0.0886
2015-08-17,9.2549,-0.0053,-0.05723
2015-08-16,9.2602,0.0178,0.19259
2015-08-13,9.2424,0.0027,0.02922
2015-08-12,9.2397,-0.0251,-0.27092
2015-08-11,9.2648,0.0264,0.28576
2015-08-10,9.2384,0.0292,0.31707
2015-08-09,9.2092,-0.0499,-0.53893
2015-08-06,9.2591,-0.0144,-0.15528
2015-08-05,9.2735,-0.0065,-0.07004
2015-08-04,9.28,-0.0028,-0.03016
2015-08-03,9.2828,0.0001,0.00108
2015-08-02,9.2827,0.0003,0.00323
2015-07-30,9.2824,0.0218,0.23541
2015-07-29,9.2606,0.0244,0.26418
2015-07-28,9.2362,0.0036,0.03899
2015-07-27,9.2326,-0.0099,-0.10711
2015-07-26,9.2425,-0.0305,-0.32891
2015-07-23,9.273,-0.003,-0.03234
2015-07-22,9.276,-0.0018,-0.0194
2015-07-21,9.2778,-0.0103,-0.11089
2015-07-20,9.2881,0.002,0.02154
2015-07-19,9.2861,0.0012,0.01292
2015-07-16,9.2849,0.0082,0.08839
2015-07-15,9.2767,0.0087,0.09387
2015-07-14,9.268,-0.0028,-0.0302
2015-07-13,9.2708,0.0089,0.09609
2015-07-12,9.2619,0.0132,0.14272
2015-07-08,9.2487,0.0005,0.00541
2015-07-07,9.2482,-0.0489,-0.52597
2015-07-06,9.2971,-0.012,-0.12891
2015-07-05,9.3091,-0.0014,-0.01504
2015-07-02,9.3105,0.0002,0.00215
2015-07-01,9.3103,0.0153,0.1646
2015-06-30,9.295,0.0096,0.10339
2015-06-29,9.2854,-0.0205,-0.22029
2015-06-28,9.3059,-0.0218,-0.23371
2015-06-25,9.3277,-0.0032,-0.03429
2015-06-24,9.3309,-0.0053,-0.05677
2015-06-23,9.3362,0.008,0.08576
2015-06-22,9.3282,0.0128,0.13741
2015-06-21,9.3154,0.0137,0.14728
2015-06-17,9.3017,-0.0008,-0.0086
2015-06-16,9.3025,-0.0051,-0.05479
2015-06-15,9.3076,-0.0168,-0.18017
2015-06-14,9.3244,-0.0025,-0.0268
2015-06-11,9.3269,0.0197,0.21166
2015-06-10,9.3072,-0.0038,-0.04081
2015-06-09,9.311,-0.033,-0.35317
2015-06-08,9.344,-0.0121,-0.12933
2015-06-07,9.3561,-0.0391,-0.41617
2015-06-04,9.3952,-0.0204,-0.21666
2015-06-03,9.4156,-0.0064,-0.06793
2015-06-02,9.422,-0.0194,-0.20548
2015-06-01,9.4414,-0.0127,-0.13433
2015-05-31,9.4541,-0.0001,-0.00106
2015-05-28,9.4542,0.0028,0.02963
2015-05-27,9.4514,0.0024,0.0254
2015-05-26,9.449,-0.0088,-0.09304
2015-05-25,9.4578,0.0121,0.1281
2015-05-24,9.4457,0.0021,0.02224
2015-05-21,9.4436,0.0002,0.00212
2015-05-20,9.4434,0.007,0.07418
2015-05-19,9.4364,-0.007,-0.07413
2015-05-18,9.4434,-0.0084,-0.08887
2015-05-17,9.4518,0.0077,0.08153
2015-05-14,9.4441,0.0079,0.08372
2015-05-13,9.4362,-0.0093,-0.09846
2015-05-12,9.4455,0.001,0.01059
2015-05-11,9.4445,-0.0258,-0.27243
2015-05-10,9.4703,-0.0277,-0.29164
2015-05-07,9.498,0.0122,0.12861
2015-05-06,9.4858,-0.0157,-0.16524
2015-05-05,9.5015,-0.0098,-0.10304
2015-05-04,9.5113,-0.0023,-0.02418
2015-05-03,9.5136,-0.0103,-0.10815
2015-04-29,9.5239,-0.0095,-0.09965
2015-04-28,9.5334,-0.0265,-0.2772
2015-04-27,9.5599,-0.0062,-0.06481
2015-04-26,9.5661,-0.008,-0.08356
2015-04-23,9.5741,0.0086,0.08991
2015-04-22,9.5655,0.0017,0.01778
2015-04-21,9.5638,0.0074,0.07744
2015-04-20,9.5564,0.0037,0.03873
2015-04-19,9.5527,-0.019,-0.1985
2015-04-16,9.5717,-0.0184,-0.19186
2015-04-15,9.5901,-0.0048,-0.05003
2015-04-14,9.5949,0.0057,0.05944
2015-04-13,9.5892,0.0028,0.02921
2015-04-12,9.5864,0.0191,0.19964
2015-04-09,9.5673,-0.0351,-0.36553
2015-04-08,9.6024,0.0188,0.19617
2015-04-07,9.5836,0.0296,0.30982
2015-04-06,9.554,0.01,0.10478
2015-04-01,9.544,0.0159,0.16687
2015-03-31,9.5281,0.014,0.14715
2015-03-30,9.5141,0.0082,0.08626
2015-03-29,9.5059,0.0039,0.04104
2015-03-26,9.502,-0.008,-0.08412
2015-03-25,9.51,-0.0112,-0.11763
2015-03-24,9.5212,0.0208,0.21894
2015-03-23,9.5004,0.0013,0.01369
2015-03-22,9.4991,0.0263,0.27764
2015-03-19,9.4728,0.0365,0.3868
2015-03-18,9.4363,0.0187,0.19856
2015-03-17,9.4176,-0.0119,-0.1262
2015-03-16,9.4295,-0.0221,-0.23382
2015-03-15,9.4516,-0.027,-0.28485
2015-03-12,9.4786,-0.0074,-0.07801
2015-03-11,9.486,0.0156,0.16472
2015-03-10,9.4704,-0.012,-0.12655
2015-03-09,9.4824,-0.0163,-0.1716
2015-03-08,9.4987,-0.063,-0.65888
2015-03-05,9.5617,-0.0201,-0.20977
2015-03-04,9.5818,0.0033,0.03445
2015-03-03,9.5785,-0.0219,-0.22812
2015-03-02,9.6004,-0.0081,-0.0843
2015-03-01,9.6085,0.0182,0.18978
2015-02-25,9.5903,0.0171,0.17862
2015-02-24,9.5732,0.0045,0.04703
2015-02-23,9.5687,0.0162,0.16959
2015-02-16,9.5525,0.0059,0.0618
2015-02-15,9.5466,0.0238,0.24993
2015-02-12,9.5228,0.0072,0.07567
2015-02-11,9.5156,0.0189,0.19902
2015-02-10,9.4967,-0.0117,-0.12305
2015-02-09,9.5084,-0.0323,-0.33855
2015-02-08,9.5407,-0.0421,-0.43933
2015-02-05,9.5828,0.0014,0.01461
2015-02-04,9.5814,0.0082,0.08566
2015-02-03,9.5732,-0.0157,-0.16373
2015-02-02,9.5889,0.0096,0.10022
2015-02-01,9.5793,0.0252,0.26376
2015-01-29,9.5541,-0.0003,-0.00314
2015-01-28,9.5544,0.0187,0.19611
2015-01-27,9.5357,0.0047,0.04931
2015-01-26,9.531,-0.0016,-0.01678
2015-01-25,9.5326,-0.002,-0.02098
2015-01-22,9.5346,0.0309,0.32514
2015-01-21,9.5037,-0.0029,-0.03051
2015-01-20,9.5066,-0.016,-0.16802
2015-01-19,9.5226,0.0205,0.21574
2015-01-18,9.5021,-0.0099,-0.10408
2015-01-15,9.512,-0.0167,-0.17526
2015-01-14,9.5287,-0.0002,-0.0021
2015-01-13,9.5289,0.0039,0.04094
2015-01-12,9.525,-0.0086,-0.09021
2015-01-11,9.5336,-0.0564,-0.58811
2015-01-08,9.59,-0.0028,-0.02919
2015-01-07,9.5928,0.0325,0.33995
2015-01-06,9.5603,-0.0075,-0.07839
2015-01-05,9.5678,-0.0469,-0.48779
2015-01-04,9.6147,0.0097,0.10099
2014-12-30,9.605,-0.0091,-0.09465
2014-12-29,9.6141,-0.0003,-0.00312
2014-12-28,9.6144,-0.0021,-0.02184
2014-12-23,9.6165,0.0049,0.05098
2014-12-22,9.6116,0.0334,0.34871
2014-12-21,9.5782,0.0521,0.54692
2014-12-18,9.5261,0.055,0.58071
2014-12-17,9.4711,0.0942,1.0046
2014-12-16,9.3769,0.0236,0.25232
2014-12-15,9.3533,-0.0838,-0.88798
2014-12-14,9.4371,-0.0725,-0.76239
2014-12-11,9.5096,-0.0358,-0.37505
2014-12-10,9.5454,-0.0455,-0.47441
2014-12-09,9.5909,-0.0604,-0.62582
2014-12-08,9.6513,-0.0348,-0.35928
2014-12-07,9.6861,-0.0627,-0.64316
2014-12-04,9.7488,-0.0131,-0.1342
2014-12-03,9.7619,0.006,0.0615
2014-12-02,9.7559,-0.0115,-0.11774
2014-12-01,9.7674,-0.0389,-0.39668
2014-11-30,9.8063,-0.0204,-0.2076
2014-11-27,9.8267,0.0041,0.04174
2014-11-26,9.8226,0.0029,0.02953
2014-11-25,9.8197,0.0066,0.06726
2014-11-24,9.8131,-0.0009,-0.00917
2014-11-23,9.814,0.0195,0.19909
2014-11-20,9.7945,0.0193,0.19744
2014-11-19,9.7752,0.0118,0.12086
2014-11-18,9.7634,0.0098,0.10048
2014-11-17,9.7536,-0.0048,-0.04919
2014-11-16,9.7584,-0.0154,-0.15756
2014-11-13,9.7738,-0.0099,-0.10119
2014-11-12,9.7837,-0.0054,-0.05516
2014-11-11,9.7891,0.0025,0.02555
2014-11-10,9.7866,0.0119,0.12174
2014-11-09,9.7747,-0.0521,-0.53018
2014-11-06,9.8268,-0.003,-0.03052
2014-11-05,9.8298,-0.0109,-0.11076
2014-11-04,9.8407,-0.0095,-0.09644
2014-11-03,9.8502,-0.0136,-0.13788
2014-11-02,9.8638,-0.002,-0.02027
2014-10-30,9.8658,0.0045,0.04563
2014-10-29,9.8613,0.0043,0.04362
2014-10-28,9.857,0.0152,0.15444
2014-10-27,9.8418,0.013,0.13226
2014-10-26,9.8288,0.0029,0.02951
2014-10-23,9.8259,0.0035,0.03563
2014-10-22,9.8224,0.0019,0.01935
2014-10-21,9.8205,0.0118,0.1203
2014-10-20,9.8087,0.006,0.06121
2014-10-19,9.8027,0.0305,0.31211
2014-10-16,9.7722,0.0277,0.28426
2014-10-15,9.7445,-0.0382,-0.39049
2014-10-14,9.7827,-0.0213,-0.21726
2014-10-13,9.804,-0.0066,-0.06727
2014-10-12,9.8106,-0.028,-0.28459
2014-10-08,9.8386,0.0094,0.09563
2014-10-07,9.8292,-0.0406,-0.41136
2014-10-06,9.8698,0.0063,0.06387
2014-10-05,9.8635,0.0209,0.21234
2014-10-02,9.8426,-0.0036,-0.03656
2014-10-01,9.8462,0.0013,0.0132
2014-09-30,9.8449,0.0096,0.09761
2014-09-29,9.8353,-0.0283,-0.28691
2014-09-28,9.8636,-0.0222,-0.22456
2014-09-25,9.8858,-0.0249,-0.25124
2014-09-24,9.9107,-0.0056,-0.05647
2014-09-23,9.9163,0.0034,0.0343
2014-09-22,9.9129,-0.0078,-0.07862
2014-09-21,9.9207,0.0054,0.05446
2014-09-18,9.9153,0.0089,0.08984
2014-09-17,9.9064,-0.0043,-0.04339
2014-09-16,9.9107,-0.0039,-0.03934
2014-09-15,9.9146,-0.0039,-0.03932
2014-09-14,9.9185,-0.0198,-0.19923
2014-09-11,9.9383,-0.0217,-0.21787
2014-09-10,9.96,-0.0004,-0.00402
2014-09-09,9.9604,-0.032,-0.32024
2014-09-08,9.9924,-0.0825,-0.81887
2014-09-04,10.0749,-0.0061,-0.06051
2014-09-03,10.081,0.0057,0.05657
2014-09-02,10.0753,0.0023,0.02283
2014-09-01,10.073,-0.0125,-0.12394
2014-08-31,10.0855,-0.0021,-0.02082
2014-08-28,10.0876,0.0039,0.03868
2014-08-27,10.0837,-0.004,-0.03965
2014-08-26,10.0877,0.0173,0.17179
2014-08-25,10.0704,0.0167,0.16611
2014-08-24,10.0537,0.0031,0.03084
2014-08-21,10.0506,-0.0047,-0.04674
2014-08-20,10.0553,-0.001,-0.00994
2014-08-19,10.0563,-0.0058,-0.05764
2014-08-18,10.0621,0.0127,0.12638
2014-08-17,10.0494,0.0152,0.15148
2014-08-14,10.0342,0.0168,0.16771
2014-08-13,10.0174,0.0202,0.20206
2014-08-12,9.9972,0.015,0.15027
2014-08-11,9.9822,0.0109,0.10931
2014-08-10,9.9713,0.0188,0.1889
2014-08-07,9.9525,-0.0461,-0.46106
2014-08-06,9.9986,0.0016,0.016
2014-08-05,9.997,-0.0215,-0.2146
2014-08-04,10.0185,-0.0187,-0.18631
2014-08-03,10.0372,-0.0044,-0.04382
2014-07-31,10.0416,-0.0411,-0.40763
2014-07-30,10.0827,-0.0352,-0.3479
2014-07-29,10.1179,-0.0111,-0.10959
2014-07-28,10.129,-0.0124,-0.12227
2014-07-27,10.1414,-0.0079,-0.07784
2014-07-24,10.1493,-0.0101,-0.09942
2014-07-23,10.1594,0.0252,0.24866
2014-07-21,10.1342,0.0061,0.06023
2014-07-20,10.1281,0.002,0.01975
2014-07-17,10.1261,0.0051,0.05039
2014-07-16,10.121,-0.0214,-0.211
2014-07-15,10.1424,0.0001,0.00099
2014-07-14,10.1423,-0.0018,-0.01774
2014-07-13,10.1441,-0.0025,-0.02464
2014-07-10,10.1466,0.0039,0.03845
2014-07-09,10.1427,-0.0081,-0.0798
2014-07-08,10.1508,0.0059,0.05816
2014-07-07,10.1449,-0.0247,-0.24288
2014-07-06,10.1696,0.0076,0.07479
2014-07-03,10.162,0.0038,0.03741
2014-07-02,10.1582,-0.0064,-0.06296
2014-07-01,10.1646,-0.0036,-0.0354
2014-06-30,10.1682,-0.0035,-0.03441
2014-06-29,10.1717,-0.0071,-0.06975
2014-06-26,10.1788,0.0004,0.00393
2014-06-25,10.1784,-0.0033,-0.03241
2014-06-24,10.1817,0.0107,0.1052
2014-06-23,10.171,0.0166,0.16348
2014-06-19,10.1544,0.0058,0.05715
2014-06-18,10.1486,0.0213,0.21032
2014-06-17,10.1273,-0.0005,-0.00494
2014-06-16,10.1278,-0.0119,-0.11736
2014-06-15,10.1397,-0.014,-0.13788
2014-06-12,10.1537,-0.0007,-0.00689
2014-06-11,10.1544,-0.0051,-0.0502
2014-06-10,10.1595,-0.0613,-0.59976
2014-06-09,10.2208,0.0146,0.14305
2014-06-05,10.2062,0.0418,0.41124
2014-06-04,10.1644,0.0041,0.04035
2014-06-03,10.1603,-0.0146,-0.14349
2014-06-02,10.1749,-0.0162,-0.15896
2014-05-29,10.1911,0.0225,0.22127
2014-05-27,10.1686,0.0093,0.09154
2014-05-26,10.1593,-0.0006,-0.00591
2014-05-25,10.1599,0.0025,0.02461
2014-05-22,10.1574,0.0034,0.03348
2014-05-21,10.154,0.0087,0.08575
2014-05-20,10.1453,0.0009,0.00887
2014-05-19,10.1444,-0.0057,-0.05616
2014-05-18,10.1501,0.0011,0.01084
2014-05-15,10.149,-0.002,-0.0197
2014-05-14,10.151,0.008,0.07887
2014-05-13,10.143,0.0163,0.16096
2014-05-12,10.1267,0.0082,0.08104
2014-05-11,10.1185,-0.0048,-0.04742
2014-05-08,10.1233,-0.0446,-0.43864
2014-05-07,10.1679,0.0317,0.31274
2014-05-06,10.1362,0.0209,0.20662
2014-05-05,10.1153,0.0079,0.07816
2014-05-04,10.1074,0.0104,0.103
2014-05-01,10.097,0.0167,0.16567
2014-04-29,10.0803,0.0106,0.10527
2014-04-28,10.0697,0.0052,0.05167
2014-04-27,10.0645,-0.006,-0.05958
2014-04-24,10.0705,-0.0063,-0.06252
2014-04-23,10.0768,-0.0016,-0.01588
2014-04-22,10.0784,-0.0032,-0.03174
2014-04-21,10.0816,0.0076,0.07544
2014-04-16,10.074,0.0111,0.11031
2014-04-15,10.0629,-0.0054,-0.05363
2014-04-14,10.0683,-0.0075,-0.07444
2014-04-13,10.0758,-0.0037,-0.03671
2014-04-10,10.0795,-0.0019,-0.01885
2014-04-09,10.0814,0.0148,0.14702
2014-04-08,10.0666,-0.0493,-0.48735
2014-04-07,10.1159,0.0117,0.11579
2014-04-06,10.1042,0.0248,0.24605
2014-04-02,10.0794,-0.0025,-0.0248
2014-04-01,10.0819,-0.0017,-0.01686
2014-03-31,10.0836,0.0047,0.04663
2014-03-30,10.0789,0.0021,0.02084
2014-03-27,10.0768,0.0122,0.12122
2014-03-26,10.0646,0.0247,0.24602
2014-03-25,10.0399,0.0206,0.2056
2014-03-24,10.0193,0.0106,0.10591
2014-03-23,10.0087,0.0117,0.11704
2014-03-20,9.997,0.0013,0.01301
2014-03-19,9.9957,-0.0052,-0.052
2014-03-18,10.0009,0.0184,0.18432
2014-03-17,9.9825,0.0136,0.13642
2014-03-16,9.9689,0.0003,0.00301
2014-03-13,9.9686,-0.0042,-0.04211
2014-03-12,9.9728,-0.0028,-0.02807
2014-03-11,9.9756,-0.0097,-0.09714
2014-03-10,9.9853,-0.0074,-0.07405
2014-03-09,9.9927,-0.0655,-0.65121
2014-03-06,10.0582,-0.0089,-0.08841
2014-03-05,10.0671,0.0067,0.0666
2014-03-04,10.0604,0.011,0.10946
2014-03-03,10.0494,-0.0123,-0.12225
2014-03-02,10.0617,0.0197,0.19618
2014-02-26,10.042,0.0106,0.10567
2014-02-25,10.0314,-0.001,-0.00997
2014-02-24,10.0324,0.0208,0.20776
2014-02-23,10.0116,0.0264,0.26439
2014-02-20,9.9852,0.0141,0.14141
2014-02-19,9.9711,-0.0037,-0.03709
2014-02-18,9.9748,0.003,0.03008
2014-02-17,9.9718,0.0096,0.09636
2014-02-16,9.9622,0.002,0.02008
2014-02-13,9.9602,0.0066,0.06631
2014-02-12,9.9536,-0.0012,-0.01205
2014-02-11,9.9548,-0.0376,-0.37629
2014-02-10,9.9924,0.0049,0.04906
2014-02-09,9.9875,0.0146,0.1464
2014-02-06,9.9729,0.0127,0.12751
2014-02-05,9.9602,0.0183,0.18407
2014-02-04,9.9419,-0.0157,-0.15767
2014-01-28,9.9576,-0.0074,-0.07426
2014-01-27,9.965,-0.0106,-0.10626
2014-01-26,9.9756,-0.0225,-0.22504
2014-01-23,9.9981,-0.0311,-0.31009
2014-01-22,10.0292,-0.0126,-0.12548
2014-01-21,10.0418,-0.0053,-0.05275
2014-01-20,10.0471,-0.0024,-0.02388
2014-01-19,10.0495,0.0004,0.00398
2014-01-16,10.0491,0.0008,0.00796
2014-01-15,10.0483,0.0023,0.02289
2014-01-14,10.046,0.0036,0.03585
2014-01-13,10.0424,0.0042,0.04184
2014-01-12,10.0382,0.0134,0.13367
2014-01-09,10.0248,0.0105,0.10485
2014-01-08,10.0143,-0.1042,-1.0298
2014-01-07,10.1185,-0.0086,-0.08492
2014-01-06,10.1271,0.0148,0.14636
2014-01-05,10.1123,0.018,0.17832
2014-01-02,10.0943,0.0009,0.00892
2014-01-01,10.0934,-0.0109,-0.10787
2013-12-30,10.1043,-0.0091,-0.08998
2013-12-29,10.1134,-0.0087,-0.08595
2013-12-26,10.1221,-0.0009,-0.00889
2013-12-23,10.123,0.0021,0.02075
2013-12-22,10.1209,0.0109,0.10781
2013-12-19,10.11,-0.0008,-0.00791
2013-12-18,10.1108,0.006,0.05938
2013-12-17,10.1048,-0.011,-0.10874
2013-12-16,10.1158,-0.0039,-0.03854
2013-12-15,10.1197,0.0225,0.22283
2013-12-12,10.0972,0.0047,0.04657
2013-12-11,10.0925,-0.0055,-0.05447
2013-12-10,10.098,0.005,0.04954
2013-12-09,10.093,0.0242,0.24035
2013-12-08,10.0688,0.0255,0.2539
2013-12-05,10.0433,0.0141,0.14059
2013-12-04,10.0292,-0.003,-0.0299
2013-12-03,10.0322,-0.0109,-0.10853
2013-12-02,10.0431,-0.0157,-0.15608
2013-12-01,10.0588,-0.0134,-0.13304
2013-11-28,10.0722,-0.0009,-0.00893
2013-11-27,10.0731,-0.0043,-0.04267
2013-11-26,10.0774,-0.0089,-0.08824
2013-11-25,10.0863,-0.001,-0.00991
2013-11-24,10.0873,0.0176,0.17478
2013-11-21,10.0697,0.0033,0.03278
2013-11-20,10.0664,-0.0245,-0.24279
2013-11-19,10.0909,-0.0026,-0.02576
2013-11-18,10.0935,-0.0004,-0.00396
2013-11-17,10.0939,0.0286,0.28414
2013-11-14,10.0653,0.025,0.249
2013-11-13,10.0403,0.0007,0.00697
2013-11-12,10.0396,-0.0181,-0.17996
2013-11-11,10.0577,-0.0247,-0.24498
2013-11-10,10.0824,-0.0107,-0.10601
2013-11-07,10.0931,-0.0249,-0.2461
2013-11-06,10.118,-0.0041,-0.04051
2013-11-05,10.1221,-0.0161,-0.15881
2013-11-04,10.1382,-0.0365,-0.35873
2013-11-03,10.1747,-0.0308,-0.3018
2013-10-31,10.2055,-0.0084,-0.08224
2013-10-30,10.2139,-0.0199,-0.19445
2013-10-29,10.2338,0.0026,0.02541
2013-10-28,10.2312,-0.014,-0.13665
2013-10-27,10.2452,0.0026,0.02538
2013-10-24,10.2426,-0.0032,-0.03123
2013-10-23,10.2458,0.0093,0.09085
2013-10-22,10.2365,0.0193,0.1889
2013-10-21,10.2172,0.0136,0.13329
2013-10-20,10.2036,0.0093,0.09123
2013-10-17,10.1943,0.0309,0.30403
2013-10-16,10.1634,0.034,0.33566
2013-10-15,10.1294,0.0175,0.17306
2013-10-14,10.1119,-0.0037,-0.03658
2013-10-13,10.1156,0.0051,0.05044
2013-10-10,10.1105,0.0234,0.23198
2013-10-08,10.0871,0.0003,0.00297
2013-10-07,10.0868,0.0039,0.03868
2013-10-06,10.0829,0.0135,0.13407
2013-10-03,10.0694,0.0049,0.04869
2013-10-02,10.0645,-0.0038,-0.03774
2013-10-01,10.0683,0.0095,0.09444
2013-09-30,10.0588,-0.0095,-0.09436
2013-09-29,10.0683,-0.0156,-0.1547
2013-09-26,10.0839,-0.0244,-0.24139
2013-09-25,10.1083,-0.0154,-0.15212
2013-09-24,10.1237,-0.0023,-0.02271
2013-09-23,10.126,-0.0072,-0.07105
2013-09-22,10.1332,0.0567,0.5627
2013-09-17,10.0765,0.0243,0.24174
2013-09-16,10.0522,0.0185,0.18438
2013-09-15,10.0337,0.0127,0.12673
2013-09-13,10.021,-0.0004,-0.00399
2013-09-12,10.0214,0.0119,0.11889
2013-09-11,10.0095,0.0033,0.03298
2013-09-10,10.0062,0.0046,0.04599
2013-09-09,10.0016,0.0018,0.018
2013-09-08,9.9998,0.0,0.0
